# names: Curve 1
0.000000 1.758749542595154e-70 1
0.050000 1.2576723828782294e-66 0.9544536274328044
0.100000 7.004182134318979e-63 0.9110752862805641
0.150000 3.0379016987900093e-59 0.8697601212326234
0.200000 1.0261630727919036e-55 0.8304083762733454
0.250000 2.699513024588626e-52 0.7929251462271967
0.300000 5.530709549844574e-49 0.757220140417142
0.350000 8.82475497459495e-46 0.7232074578456444
0.400000 1.0966065593890025e-42 0.6908053733363702
0.450000 1.0612688139152161e-39 0.6599361341021018
0.500000 7.998827757006926e-37 0.6305257662304316
0.550000 4.695195357975212e-34 0.6025038906035983
0.600000 2.146383735663091e-31 0.5758035477924219
0.650000 7.641655411587421e-29 0.5503610314867216
0.700000 2.1188192535093535e-26 0.5261157300459467
0.750000 4.575375590520838e-24 0.5030099757740537
0.800000 7.694598626706474e-22 0.4809889015419643
0.850000 1.0077935394300083e-19 0.46000030439931966
0.900000 1.0279773571668988e-17 0.439994515834711
0.950000 8.166235631669666e-16 0.42092427836019036
1.000000 5.0522710835368926e-14 0.40274462811167705
1.050000 2.434320533029027e-12 0.3854127831719111
1.100000 9.134720408364659e-11 0.3688880373369157
1.150000 2.6695566147628804e-9 0.3531316590605327
1.200000 6.075882849823372e-8 0.33810679532454574
1.250000 0.0000010769760042543276 0.32377838019421545
1.300000 0.000014867195147343004 0.31011304783076227
1.350000 0.00015983741106905534 0.29707904974347965
1.400000 0.0013383022576488608 0.2846461760747514
1.450000 0.008726826950457655 0.2727856807213339
1.500000 0.044318484119380074 0.26147021010485016
1.550000 0.17528300493568544 0.2506737354135656
1.600000 0.5399096651318812 0.24037148814619302
1.650000 1.2951759566589194 0.23053989879672732
1.700000 2.419707245191437 0.2211565385271615
1.750000 3.5206532676429942 0.21220006368240532
1.800000 3.989422804014327 0.20365016300883051
1.850000 3.5206532676429942 0.1954875074446261
1.900000 2.419707245191432 0.1876937023565729
1.950000 1.295175956658915 0.1802512421039638
2.000000 0.5399096651318812 0.17314346681621062
2.050000 0.17528300493568452 0.16635452127621272
2.100000 0.044318484119380074 0.15986931580682465
2.150000 0.008726826950457655 0.15367348906276596
2.200000 0.0013383022576488489 0.14775337263508043
2.250000 0.00015983741106905534 0.14209595737977937
2.300000 0.000014867195147342845 0.13668886138661446
2.350000 0.0000010769760042543276 0.13152029950802385
2.400000 6.075882849823199e-8 0.12657905437219336
2.450000 2.6695566147628423e-9 0.12185444880788596
2.500000 9.134720408364659e-11 0.11733631961221674
2.550000 2.4343205330289838e-12 0.11301499259591047
2.600000 5.0522710835368926e-14 0.10888125884376867
2.650000 8.166235631669434e-16 0.10492635213110954
2.700000 1.0279773571668842e-17 0.10114192743983469
2.750000 1.0077935394300083e-19 0.09752004052052154
2.800000 7.69459862670631e-22 0.09405312844955596
2.850000 4.575375590520838e-24 0.09073399113280473
2.900000 2.1188192535093084e-26 0.08755577370969234
2.950000 7.641655411587203e-29 0.0845119498137974
3.000000 2.146383735663091e-31 0.08159630564822178
3.050000 4.69519535797508e-34 0.07880292483602305
3.100000 7.998827757006926e-37 0.0761261740079362
3.150000 1.061268813915186e-39 0.07356068909145166
3.200000 1.0966065593889713e-42 0.07110136226707081
3.250000 8.82475497459495e-46 0.06874332955922402
3.300000 5.5307095498442595e-49 0.06648195903092394
3.350000 2.699513024588626e-52 0.06431283955273329
3.400000 1.0261630727918744e-55 0.06223177011806104
3.450000 3.037901698789923e-59 0.06023474967816646
3.500000 7.004182134318979e-63 0.05831796747154641
3.550000 1.257672382878158e-66 0.05647779382361828
3.600000 1.758749542595154e-70 0.05471077139378351
3.650000 1.9154324916718812e-74 0.05301360684807477
3.700000 1.6246360367736544e-78 0.05138316293665254
3.750000 1.0731778340683263e-82 0.0498164509564272
3.800000 5.520948362159921e-87 0.048310623580044856
3.850000 2.211984380210696e-91 0.04686296803338967
3.900000 6.902029420126829e-96 0.0454708996046252
3.950000 1.677250522854344e-100 0.04413195546862548
4.000000 3.1742815528252625e-105 0.04284378881143343
4.050000 4.678636817250313e-110 0.041604163240133316
4.100000 5.370560365019981e-115 0.0404109474642361
4.150000 4.801160785906608e-120 0.03926211023535483
4.200000 3.342714441794458e-125 0.03815571553259057
4.250000 1.812502793551525e-130 0.037089917981664194
4.300000 7.653929736419829e-136 0.03606295849641108
4.350000 2.5171937051931185e-141 0.03507316013181163
4.400000 6.447259971397486e-147 0.03411892413825787
4.450000 1.2860566740713692e-152 0.03319872620725826
4.500000 1.9978892591682797e-158 0.03231111289926105
4.550000 2.417180578619688e-164 0.031454698244730045
4.600000 2.277577478736402e-170 0.030628160510039186
4.650000 1.671335365129985e-176 0.029830239120163454
4.700000 9.551694541948838e-183 0.02905973173053419
4.750000 4.2513183535277926e-189 0.028315491440799492
4.800000 1.4736461348782963e-195 0.027596424143583553
4.850000 3.9782234272816678e-202 0.026901486001675794
4.900000 8.363951605855987e-209 0.02622968104740047
4.950000 1.3694943080796894e-215 0.02558005889822231
5.000000 1.7463662567587766e-222 0.0249517125829331
5.050000 1.7343502636062385e-229 0.02434377647303987
5.100000 1.3414196673492835e-236 0.023755424314237526
5.150000 8.080140413871528e-244 0.02318586735309786
5.200000 3.790526400092868e-251 0.022634352554344362
5.250000 1.3848620783379357e-258 0.022100160904307758
5.300000 3.940396277135129e-266 0.021582605796371668
5.350000 8.731717100619519e-274 0.021081031494422336
5.400000 1.5069047176202234e-281 0.020594811670510048
5.450000 2.0253417162117462e-289 0.020123348013115175
5.500000 2.1200065515248466e-297 0.01966606890258705
5.550000 1.7282337322837126e-305 0.019222428150491272
5.600000 1.09722105204e-313 0.01879190379976011
5.650000 5.53e-322 0.01837399698269166
5.700000 0 0.017968230833987645
5.750000 0 0.017574149456156377
5.800000 0 0.01719131693473773
5.850000 0 0.016819316400930765
5.900000 0 0.016457749139322467
5.950000 0 0.016106233738528184
6.000000 0 0.01576440528266099
6.050000 0 0.015431914581648385
6.100000 0 0.015108427438511646
6.150000 0 0.014793623951814352
6.200000 0 0.014487197851574513
6.250000 0 0.014188855867017233
6.300000 0 0.013898317124624204
6.350000 0 0.013615312575011274
6.400000 0 0.013339584447236909
6.450000 0 0.013070885729212289
6.500000 0 0.012808979672948586
6.550000 0 0.012553639323438327
6.600000 0 0.012304647070026488
6.650000 0 0.012061794219182402
6.700000 0 0.011824880587636805
6.750000 0 0.011593714114898488
6.800000 0 0.0113681104942131
6.850000 0 0.011147892821072211
6.900000 0 0.010932891258424029
6.950000 0 0.010722942717778626
7.000000 0 0.010517890555439568
7.050000 0 0.010317584283131261
7.100000 0 0.010121879292326936
7.150000 0 0.009930636591615812
7.200000 0 0.009743722556480261
7.250000 0 0.009561008690884304
7.300000 0 0.009382371400103888
7.350000 0 0.009207691774257048
7.400000 0 0.009036855382018353
7.450000 0 0.00886975207402716
7.500000 0 0.008706275795522928
7.550000 0 0.008546324407763574
7.600000 0 0.008389799517804367
7.650000 0 0.008236606316235353
7.700000 0 0.008086653422494918
7.750000 0 0.007939852737395493
7.800000 0 0.007796119302515193
7.850000 0 0.0076553711661259335
7.900000 0 0.007517529255344506
7.950000 0 0.007382517254208389
8.000000 0 0.007250261487392414
8.050000 0 0.007120690809296288
8.100000 0 0.006993736498245957
8.150000 0 0.006869332155564274
8.200000 0 0.006747413609278378
8.250000 0 0.006627918822242256
8.300000 0 0.0065107878044638814
8.350000 0 0.0063959625294364355
8.400000 0 0.0062833868542827576
8.450000 0 0.006173006443531564
8.500000 0 0.006064768696352567
8.550000 0 0.00595862267708613
8.600000 0 0.0058545190489109715
8.650000 0 0.005752410010501007
8.700000 0 0.0056522492355295904
8.750000 0 0.005553991814886336
8.800000 0 0.005457594201478076
8.850000 0 0.005363014157491903
8.900000 0 0.005270210704003885
8.950000 0 0.005179144072822938
9.000000 0 0.005089775660464405
9.050000 0 0.005002067984153145
9.100000 0 0.004915984639760742
9.150000 0 0.004831490261585903
9.200000 0 0.004748550483891724
9.250000 0 0.004667131904117402
9.300000 0 0.004587202047686135
9.350000 0 0.00450872933433462
9.400000 0 0.004431683045893131
9.450000 0 0.0043560332954486304
9.500000 0 0.0042817509978265705
9.550000 0 0.00420880784133009
9.600000 0 0.004137176260678386
9.650000 0 0.004066829411088633
9.700000 0 0.003997741143448644
9.750000 0 0.003929885980529982
9.800000 0 0.003863239094193476
9.850000 0 0.0037977762835416616
9.900000 0 0.003733473953974556
9.950000 0 0.0036703090971074797
10.000000 0 0.003608259271511475
10.050000 0 0.003547302584238809
10.100000 0 0.003487417673097817
10.150000 0 0.0034285836896430564
10.200000 0 0.0033707802828483197
10.250000 0 0.0033139875834316893
10.300000 0 0.0032581861888031317
10.350000 0 0.003203357148606712
10.400000 0 0.003149481950830653
10.450000 0 0.003096542508459847
10.500000 0 0.0030445211466466216
10.550000 0 0.0029934005903766146
10.600000 0 0.002943163952607838
10.650000 0 0.0028937947228619186
10.700000 0 0.002845276756247583
10.750000 0 0.0027975942628973545
10.800000 0 0.0027507317977993103
10.850000 0 0.002704674251006634
10.900000 0 0.0026594068382084983
10.950000 0 0.0026149150916465282
11.000000 0 0.0025711848513619608
11.050000 0 0.002528202256759137
11.100000 0 0.0024859537384718067
11.150000 0 0.0024444260105192174
11.200000 0 0.002403606062739643
11.250000 0 0.002363481153489571
11.300000 0 0.0023240388025972674
11.350000 0 0.002285266784560036
11.400000 0 0.0022471531219748907
11.450000 0 0.002209686079192931
11.500000 0 0.002172854156188076
11.550000 0 0.0021366460826312836
11.600000 0 0.002101050812161786
11.650000 0 0.0020660575168472478
11.700000 0 0.002031655581825119
11.750000 0 0.001997834600117848
11.800000 0 0.0019645843676148684
11.850000 0 0.0019318948782147125
11.900000 0 0.001899756319120787
11.950000 0 0.0018681590662847137
12.000000 0 0.0018370936799914127
12.050000 0 0.0018065509005802955
12.100000 0 0.0017765216442972888
12.150000 0 0.0017469969992725742
12.200000 0 0.0017179682216191552
12.250000 0 0.0016894267316476669
12.300000 0 0.0016613641101928985
12.350000 0 0.0016337720950478718
12.400000 0 0.0016066425775013386
12.450000 0 0.0015799675989748702
12.500000 0 0.001553739347755802
12.550000 0 0.0015279501558224916
12.600000 0 0.001502592495758495
12.650000 0 0.0014776589777524155
12.700000 0 0.0014531423466803129
12.750000 0 0.0014290354792677107
12.800000 0 0.0014053313813283444
12.850000 0 0.0013820231850769334
12.900000 0 0.001359104146513373
12.950000 0 0.001336567642875828
13.000000 0 0.0013144071701603794
13.050000 0 0.001292616340704872
13.100000 0 0.0012711888808348381
13.150000 0 0.0012501186285693256
13.200000 0 0.0012293995313846671
13.250000 0 0.0012090256440342277
13.300000 0 0.001188991126422289
13.350000 0 0.0011692902415302905
13.400000 0 0.0011499173533937215
13.450000 0 0.00113086692512803
13.500000 0 0.001112133517001976
13.550000 0 0.001093711784556927
13.600000 0 0.0010755964767706428
13.650000 0 0.0010577824342641682
13.700000 0 0.001040264587550484
13.750000 0 0.0010230379553236636
13.800000 0 0.0010060976427872595
13.850000 0 0.0009894388400207882
13.900000 0 0.0009730568203831208
13.950000 0 0.0009569469389517304
14.000000 0 0.0009411046309967135
14.050000 0 0.0009255254104885864
14.100000 0 0.0009102048686388762
14.150000 0 0.000895138672472568
14.200000 0 0.0008803225634315085
14.250000 0 0.000865752356007889
14.300000 0 0.000851423936406975
14.350000 0 0.0008373332612382709
14.400000 0 0.0008234763562343454
14.450000 0 0.0008098493149965528
14.500000 0 0.0007964482977669559
14.550000 0 0.0007832695302257079
14.600000 0 0.0007703093023132689
14.650000 0 0.00075756396707676
14.700000 0 0.0007450299395398623
14.750000 0 0.0007327036955956335
14.800000 0 0.0007205817709216655
14.850000 0 0.0007086607599170119
14.900000 0 0.0006969373146603426
14.950000 0 0.0006854081438887933
15.000000 0 0.0006740700119969982
15.050000 0 0.0006629197380558147
15.100000 0 0.000651954194850256
15.150000 0 0.0006411703079361748
15.200000 0 0.000630565054715237
15.250000 0 0.0006201354635277746
15.300000 0 0.0006098786127630621
15.350000 0 0.0005997916299866486
15.400000 0 0.0005898716910843142
15.450000 0 0.0005801160194222925
15.500000 0 0.0005705218850233755
15.550000 0 0.0005610866037585444
15.600000 0 0.0005518075365537766
15.650000 0 0.0005426820886116879
15.700000 0 0.000533707708647682
15.750000 0 0.0005248818881402881
15.800000 0 0.0005162021605953732
15.850000 0 0.0005076661008239294
15.900000 0 0.0004992713242331459
15.950000 0 0.0004910154861304686
16.000000 0 0.0004828962810403914
16.050000 0 0.0004749114420336831
16.100000 0 0.0004670587400688148
16.150000 0 0.0004593359833453087
16.200000 0 0.00045174101666877804
16.250000 0 0.000444271720827404
16.300000 0 0.00043692601197962614
16.350000 0 0.00042970184105280303
16.400000 0 0.00042259719315263194
16.450000 0 0.0004156100869831066
16.500000 0 0.00040873857427679356
16.550000 0 0.00040198073923523577
16.600000 0 0.0003953346979792651
16.650000 0 0.00038879859800904196
16.700000 0 0.00038237061767361737
16.750000 0 0.00037604896564984077
16.800000 0 0.0003698318804304278
16.850000 0 0.0003637176298210075
16.900000 0 0.0003577045104459766
16.950000 0 0.0003517908472629941
17.000000 0 0.00034597499308594484
17.050000 0 0.0003402553281162184
17.100000 0 0.0003346302594821338
17.150000 0 0.00032909822078636635
17.200000 0 0.0003236576716612212
17.250000 0 0.0003183070973316019
17.300000 0 0.00031304500818553983
17.350000 0 0.00030786993935213243
17.400000 0 0.0003027804502867614
17.450000 0 0.0002977751243634481
17.500000 0 0.0002928525684742205
17.550000 0 0.0002880114126353605
17.600000 0 0.00028325030960040437
17.650000 0 0.00027856793447977125
17.700000 0 0.0002739629843669048
17.750000 0 0.00026943417797080144
17.800000 0 0.0002649802552548178
17.850000 0 0.00026059997708163487
17.900000 0 0.0002562921248642751
17.950000 0 0.0002520555002230612
18.000000 0 0.00024788892464840606
18.050000 0 0.00024379123916933715
18.100000 0 0.00023976130402764573
18.150000 0 0.00023579799835756537
18.200000 0 0.00023190021987087766
18.250000 0 0.00022806688454735227
18.300000 0 0.00022429692633042602
18.350000 0 0.00022058929682802715
18.400000 0 0.00021694296501845384
18.450000 0 0.0002133569169612214
18.500000 0 0.000209830155512786
18.550000 0 0.00020636170004706517
18.600000 0 0.0002029505861806646
18.650000 0 0.00019959586550273467
18.700000 0 0.00019629660530937401
18.750000 0 0.0001930518883424982
18.800000 0 0.00018986081253310197
18.850000 0 0.00018672249074883277
18.900000 0 0.00018363605054580492
18.950000 0 0.0001806006339245783
19.000000 0 0.00017761539709023168
19.050000 0 0.00017467951021645956
19.100000 0 0.00017179215721362294
19.150000 0 0.00016895253550068464
19.200000 0 0.0001661598557809652
19.250000 0 0.00016341334182165275
19.300000 0 0.00016071223023699963
19.350000 0 0.00015805577027514845
19.400000 0 0.0001554432236085195
19.450000 0 0.00015287386412770327
19.500000 0 0.00015034697773879475
19.550000 0 0.00014786186216411324
19.600000 0 0.00014541782674624962
19.650000 0 0.00014301419225538372
19.700000 0 0.00014065029069981554
19.750000 0 0.0001383254651396583
19.800000 0 0.00013603906950363675
19.850000 0 0.00013379046840894093
19.900000 0 0.00013157903698408026
19.950000 0 0.00012940416069469026
20.000000 0 0.00012726523517224097
20.050000 0 0.0001251616660455959
20.100000 0 0.0001230928687753778
20.150000 0 0.00012105826849108916
20.200000 0 0.00011905729983094471
20.250000 0 0.00011708940678436709
20.300000 0 0.00011515404253710325
20.350000 0 0.00011325066931891678
20.400000 0 0.00011137875825381219
20.450000 0 0.00010953778921274848
20.500000 0 0.00010772725066880175
20.550000 0 0.00010594663955473336
20.600000 0 0.00010419546112292611
20.650000 0 0.0001024732288076454
20.700000 0 0.00010077946408958892
20.750000 0 0.00009911369636268626
20.800000 0 0.00009747546280310839
20.850000 0 0.00009586430824045371
20.900000 0 0.0000942797850310709
20.950000 0 0.00009272145293348502
21.000000 0 0.00009118887898589012
21.050000 0 0.0000896816373856747
21.100000 0 0.00008819930937094648
21.150000 0 0.00008674148310402194
21.200000 0 0.00008530775355684786
21.250000 0 0.00008389772239832408
21.300000 0 0.00008251099788349356
21.350000 0 0.00008114719474457133
21.400000 0 0.00007980593408377818
21.450000 0 0.00007848684326795219
21.500000 0 0.00007718955582490708
21.550000 0 0.00007591371134150723
21.600000 0 0.00007465895536343339
21.650000 0 0.00007342493929660831
21.700000 0 0.00007221132031025634
21.750000 0 0.0000710177612415686
21.800000 0 0.00006984393050194804
21.850000 0 0.00006868950198480758
21.900000 0 0.00006755415497489553
21.950000 0 0.00006643757405912265
22.000000 0 0.00006533944903886641
22.050000 0 0.0000642594748437273
22.100000 0 0.00006319735144671407
22.150000 0 0.00006215278378083237
22.200000 0 0.00006112548165705527
22.250000 0 0.00006011515968365198
22.300000 0 0.000059121537186851424
22.350000 0 0.00005814433813282029
22.400000 0 0.000057183291050931976
22.450000 0 0.000056238128958306015
22.500000 0 0.00005530858928559639
22.550000 0 0.00005439441380400819
22.600000 0 0.00005349534855352265
22.650000 0 0.000052611143772309665
22.700000 0 0.000051741553827308495
22.750000 0 0.00005088633714595759
22.800000 0 0.000050045256149053804
22.850000 0 0.0000492180771847233
22.900000 0 0.000048404570463484135
22.950000 0 0.00004760450999438394
23.000000 0 0.00004681767352219436
23.050000 0 0.00004604384246564393
23.100000 0 0.000045282801856673716
23.150000 0 0.00004453434028069739
23.200000 0 0.000043798249817849895
23.250000 0 0.00004307432598520778
23.300000 0 0.000042362367679965527
23.350000 0 0.00004166217712355202
23.400000 0 0.000040973559806671276
23.450000 0 0.000040296324435252117
23.500000 0 0.0000396302828772922
23.550000 0 0.00003897525011058101
23.600000 0 0.00003833104417128788
23.650000 0 0.00003769748610339988
23.700000 0 0.00003707439990899631
23.750000 0 0.00003646161249934567
23.800000 0 0.00003585895364681091
23.850000 0 0.00003526625593755083
23.900000 0 0.00003468335472500308
23.950000 0 0.00003411008808413692
24.000000 0 0.00003354629676646207
24.050000 0 0.00003299182415578187
24.100000 0 0.00003244651622467831
24.150000 0 0.00003191022149171605
24.200000 0 0.00003138279097935491
24.250000 0 0.00003086407817255773
24.300000 0 0.000030353938978082776
24.350000 0 0.000029852231684449503
24.400000 0 0.000029358816922566265
24.450000 0 0.000028873557627008848
24.500000 0 0.000028396318997939267
24.550000 0 0.000027926968463654442
24.600000 0 0.00002746537564375409
24.650000 0 0.000027011412312917416
24.700000 0 0.000026564952365278702
24.750000 0 0.000026125871779392366
24.800000 0 0.000025694048583776554
24.850000 0 0.000025269362823027222
24.900000 0 0.000024851696524491685
24.950000 0 0.000024440933665493846
25.000000 0 0.00002403696014110088
25.050000 0 0.000023639663732422832
25.100000 0 0.000023248934075436527
25.150000 0 0.000022864662630324864
25.200000 0 0.000022486742651322882
25.250000 0 0.000022115069157062297
25.300000 0 0.000021749538901406536
25.350000 0 0.000021390050344767875
25.400000 0 0.00002103650362589862
25.450000 0 0.000020688800534148627
25.500000 0 0.00002034684448218179
25.550000 0 0.00002001054047914306
25.600000 0 0.00001967979510426958