#names: cr1, cr2, cr3, cr4, cr5, cr6, cr7, cr8, cr9
0.0 8.793747712975768e-68 0.0 0.0 0.0 0.0 0.0 0.0 0.0 0.0 0.0
0.05 6.288361914391145e-64 0.0 0.0 0.0 0.0 0.0 0.0 0.0 0.0 0.0
0.1 3.502091067159489e-60 0.0 0.0 0.0 0.0 0.0 0.0 0.0 0.0 0.0
0.15000000000000002 1.5189508493950044e-56 0.0 0.0 0.0 0.0 0.0 0.0 0.0 0.0 0.0
0.2 5.130815363959517e-53 0.0 0.0 0.0 0.0 0.0 0.0 0.0 0.0 0.0
0.25 1.3497565122943128e-49 0.0 0.0 0.0 0.0 0.0 0.0 0.0 0.0 0.0
0.30000000000000004 2.7653547749222865e-46 0.0 0.0 0.0 0.0 0.0 0.0 0.0 0.0 0.0
0.35000000000000003 4.412377487297475e-43 0.0 0.0 0.0 0.0 0.0 0.0 0.0 0.0 0.0
0.4 5.483032796945011e-40 0.0 0.0 0.0 0.0 0.0 0.0 0.0 0.0 0.0
0.45 5.306344069576079e-37 0.0 0.0 0.0 0.0 0.0 0.0 0.0 0.0 0.0
0.5 3.999413878503462e-34 0.0 0.0 0.0 0.0 0.0 0.0 0.0 0.0 0.0
0.55 2.3475976789876057e-31 0.0 0.0 0.0 0.0 0.0 0.0 0.0 0.0 0.0
0.6000000000000001 1.0731918678315453e-28 0.0 0.0 0.0 0.0 0.0 0.0 0.0 0.0 0.0
0.65 3.8208277057937096e-26 0.0 0.0 0.0 0.0 0.0 0.0 0.0 0.0 0.0
0.7000000000000001 1.0594096267546765e-23 0.0 0.0 0.0 0.0 0.0 0.0 0.0 0.0 0.0
0.75 2.2876877952604185e-21 0.0 0.0 0.0 0.0 0.0 0.0 0.0 0.0 0.0
0.8 3.8472993133532366e-19 0.0 0.0 0.0 0.0 0.0 0.0 0.0 0.0 0.0
0.8500000000000001 5.0389676971500406e-17 0.0 0.0 0.0 0.0 0.0 0.0 0.0 0.0 0.0
0.9 5.139886785834493e-15 0.0 0.0 0.0 0.0 0.0 0.0 0.0 0.0 0.0
0.9500000000000001 4.0831178158348326e-13 0.0 0.0 0.0 0.0 0.0 0.0 0.0 0.0 0.0
1.0 2.5261355417684458e-11 0.0 0.0 0.0 0.0 0.0 0.0 0.0 0.0 0.0
1.05 1.2171602665145133e-09 0.0 0.0 0.0 0.0 0.0 0.0 0.0 0.0 0.0
1.1 4.5673602041823285e-08 0.0 0.0 0.0 0.0 0.0 0.0 0.0 0.0 0.0
1.1500000000000001 1.33477830738144e-06 0.0 0.0 0.0 0.0 0.0 0.0 0.0 0.0 0.0
1.2000000000000002 3.0379414249116853e-05 0.0 0.0 0.0 0.0 0.0 0.0 0.0 0.0 0.0
1.25 0.0005384880021271636 0.0 0.0 0.0 0.0 0.0 0.0 0.0 0.0 0.0
1.3 0.007433597573671501 0.0 0.0 0.0 0.0 0.0 0.0 1.0 0.0 1.0
1.35 0.07991870553452766 0.0 0.0 0.0 0.0 0.0 0.0 0.0 0.0 1.0
1.4000000000000001 0.6691511288244302 2.0 0.0 2.0 1.0 1.0 3.0 7.0 3.0 2.0
1.4500000000000002 4.3634134752288265 13.0 13.0 13.0 11.0 26.0 15.0 19.0 23.0 17.0
1.5 22.159242059690033 72.0 68.0 104.0 87.0 89.0 117.0 139.0 161.0 157.0
1.55 87.6415024678427 322.0 345.0 390.0 368.0 452.0 492.0 512.0 626.0 721.0
1.6 269.95483256594054 1080.0 1171.0 1250.0 1381.0 1537.0 1650.0 1919.0 2149.0 2433.0
1.6500000000000001 647.5879783294596 3032.0 3359.0 3561.0 3901.0 4288.0 4812.0 5220.0 6015.0 7012.0
1.7000000000000002 1209.8536225957184 7189.0 7494.0 8228.0 8935.0 9719.0 10841.0 11907.0 13988.0 16073.0
1.75 1760.326633821497 13610.0 14375.0 15706.0 16710.0 18604.0 20283.0 22707.0 26011.0 30132.0
1.8 1994.7114020071633 21566.0 22850.0 24689.0 26858.0 29035.0 32556.0 36270.0 41322.0 47309.0
1.85 1760.326633821497 29591.0 31551.0 33519.0 36638.0 39966.0 43836.0 49052.0 55876.0 63877.0
1.9000000000000001 1209.8536225957157 35305.0 37233.0 40056.0 43745.0 47469.0 52241.0 58357.0 66078.0 75733.0
1.9500000000000002 647.5879783294573 38469.0 41128.0 44063.0 47748.0 51712.0 56619.0 62161.0 71089.0 81796.0
2.0 269.95483256594054 40028.0 42195.0 45226.0 48784.0 52718.0 57363.0 63747.0 71999.0 81941.0
2.0500000000000003 87.64150246784224 39757.0 42573.0 44747.0 48217.0 51548.0 56981.0 62348.0 70619.0 80808.0
2.1 22.159242059690033 39364.0 41366.0 44067.0 46899.0 50629.0 55341.0 60593.0 67788.0 77731.0
2.15 4.3634134752288265 38619.0 40548.0 43144.0 46028.0 49154.0 53164.0 58425.0 65328.0 74149.0
2.2 0.6691511288244243 37549.0 39768.0 42128.0 44450.0 48120.0 51727.0 56365.0 62621.0 71127.0
2.25 0.07991870553452766 36965.0 38927.0 41127.0 43804.0 46203.0 49878.0 54085.0 60335.0 67813.0
2.3000000000000003 0.007433597573671421 36489.0 38140.0 40097.0 42236.0 45193.0 48713.0 52293.0 57598.0 64394.0
2.35 0.0005384880021271636 35855.0 37094.0 39403.0 40786.0 43201.0 46404.0 50203.0 55580.0 61455.0
2.4000000000000004 3.037941424911599e-05 34699.0 36681.0 38033.0 40137.0 42540.0 45147.0 48709.0 53335.0 58707.0
2.45 1.3347783073814207e-06 34514.0 36110.0 37276.0 38974.0 41027.0 43040.0 47128.0 51302.0 56517.0
2.5 4.5673602041823285e-08 33735.0 34945.0 36220.0 37834.0 39956.0 42313.0 45278.0 49250.0 53601.0
2.5500000000000003 1.2171602665144916e-09 33275.0 34105.0 35679.0 37257.0 38464.0 41018.0 43694.0 46664.0 52043.0
2.6 2.5261355417684458e-11 32729.0 33418.0 34819.0 35978.0 37644.0 39421.0 42009.0 44927.0 49270.0
2.6500000000000004 4.0831178158347165e-13 31971.0 33042.0 33649.0 35183.0 36451.0 38713.0 40198.0 42770.0 46827.0
2.7 5.13988678583442e-15 31244.0 32162.0 33271.0 34261.0 35591.0 37052.0 38994.0 42026.0 44938.0
2.75 5.0389676971500406e-17 30563.0 31346.0 32223.0 33410.0 34405.0 35931.0 37569.0 39780.0 42799.0
2.8000000000000003 3.847299313353155e-19 30191.0 30947.0 31816.0 32327.0 33461.0 34715.0 36552.0 38808.0 41485.0
2.85 2.2876877952604185e-21 29800.0 30150.0 30834.0 31731.0 32151.0 33707.0 35278.0 37218.0 39376.0
2.9000000000000004 1.059409626754654e-23 29424.0 29919.0 30109.0 30917.0 31578.0 32664.0 34239.0 35505.0 37673.0
2.95 3.820827705793601e-26 28566.0 28956.0 29390.0 30347.0 30901.0 32004.0 32902.0 34446.0 36392.0
3.0 1.0731918678315453e-28 28248.0 28397.0 28751.0 29731.0 30098.0 30900.0 31889.0 32910.0 34858.0
3.0500000000000003 2.3475976789875396e-31 27291.0 27810.0 28217.0 28621.0 29033.0 30030.0 30494.0 31689.0 33037.0
3.1 3.999413878503462e-34 26887.0 27794.0 27590.0 28061.0 28496.0 28853.0 29751.0 30369.0 32310.0
3.1500000000000004 5.306344069575929e-37 26087.0 26922.0 27033.0 27114.0 27801.0 28162.0 28909.0 29650.0 30191.0
3.2 5.4830327969448555e-40 25992.0 26475.0 26282.0 26824.0 26982.0 27633.0 27682.0 28566.0 29340.0
3.25 4.412377487297475e-43 25496.0 25653.0 25968.0 26341.0 26389.0 26543.0 27037.0 27574.0 27880.0
3.3000000000000003 2.7653547749221294e-46 25269.0 25198.0 25455.0 25347.0 25662.0 26041.0 26028.0 26338.0 26796.0
3.35 1.3497565122943128e-49 24744.0 24594.0 24785.0 24943.0 25034.0 25288.0 25371.0 25575.0 25690.0
3.4000000000000004 5.13081536395937e-53 24455.0 24354.0 24314.0 24305.0 24322.0 24585.0 24550.0 24547.0 24540.0
3.45 1.5189508493949614e-56 23974.0 23653.0 23714.0 23980.0 24107.0 24013.0 23800.0 23334.0 23537.0
3.5 3.502091067159489e-60 23465.0 23241.0 23205.0 23123.0 22971.0 23290.0 22852.0 22950.0 22573.0
3.5500000000000003 6.288361914390788e-64 22928.0 22817.0 22833.0 22604.0 22420.0 22646.0 22326.0 22227.0 21674.0
3.6 8.793747712975768e-68 22615.0 22177.0 22459.0 22161.0 22236.0 21775.0 21700.0 21189.0 20907.0
3.6500000000000004 9.577162458359405e-72 22035.0 22116.0 21889.0 21982.0 21367.0 21259.0 21058.0 20564.0 20028.0
3.7 8.12318018386827e-76 21854.0 21788.0 21492.0 21153.0 21142.0 20751.0 20484.0 19760.0 19366.0
3.75 5.365889170341631e-80 21518.0 21231.0 20989.0 20520.0 20269.0 20182.0 19786.0 19061.0 18571.0
3.8000000000000003 2.76047418107996e-84 21348.0 20800.0 20561.0 20589.0 19972.0 19732.0 19170.0 18739.0 17832.0
3.85 1.1059921901053478e-88 20712.0 20496.0 20574.0 20224.0 19608.0 19351.0 18765.0 18137.0 17025.0
3.9000000000000004 3.4510147100634138e-93 20412.0 20432.0 19924.0 19743.0 19096.0 18832.0 18228.0 17372.0 16382.0
3.95 8.386252614271718e-98 19888.0 19596.0 19458.0 19152.0 18961.0 18257.0 17534.0 16647.0 15534.0
4.0 1.587140776412631e-102 19678.0 19300.0 18974.0 18564.0 18145.0 17734.0 16956.0 16199.0 15041.0
4.05 2.339318408625156e-107 19296.0 19096.0 18618.0 18291.0 17748.0 17137.0 16631.0 15605.0 14596.0
4.1000000000000005 2.6852801825099898e-112 19045.0 18816.0 18336.0 17965.0 17506.0 16990.0 16481.0 14916.0 14098.0
4.15 2.4005803929533036e-117 18563.0 18338.0 18038.0 17789.0 17081.0 16406.0 15584.0 14599.0 13474.0
4.2 1.6713572208972285e-122 18602.0 18082.0 17635.0 17180.0 16899.0 16153.0 15096.0 14267.0 12972.0
4.25 9.062513967757622e-128 18029.0 17575.0 17349.0 16860.0 16442.0 15777.0 14879.0 13812.0 12516.0
4.3 3.826964868209914e-133 17508.0 17382.0 16907.0 16251.0 16050.0 15268.0 14488.0 13451.0 11864.0
4.3500000000000005 1.258596852596559e-138 17370.0 17068.0 16384.0 16114.0 15551.0 14996.0 14217.0 12889.0 11475.0
4.4 3.2236299856987424e-144 17185.0 16767.0 16103.0 15620.0 15339.0 14605.0 13751.0 12637.0 10901.0
4.45 6.430283370356845e-150 16745.0 16340.0 16181.0 15488.0 14934.0 14361.0 13197.0 12098.0 10890.0
4.5 9.989446295841397e-156 16465.0 16271.0 15782.0 15165.0 14761.0 13991.0 12934.0 12122.0 10493.0
4.55 1.2085902893098438e-161 16164.0 15768.0 15345.0 14885.0 14470.0 13757.0 12700.0 11563.0 9812.0
4.6000000000000005 1.1387887393682008e-167 16028.0 15455.0 15359.0 14526.0 14164.0 13226.0 12185.0 11238.0 9646.0
4.65 8.356676825649923e-174 15629.0 15438.0 14959.0 14333.0 13723.0 12712.0 11962.0 10916.0 9141.0
4.7 4.775847270974418e-180 15260.0 14986.0 14396.0 14028.0 13574.0 12590.0 11382.0 10465.0 9079.0
4.75 2.1256591767638956e-186 15153.0 14743.0 14276.0 13634.0 13091.0 12304.0 11302.0 10408.0 8685.0
4.800000000000001 7.36823067439148e-193 14792.0 14463.0 14135.0 13570.0 13128.0 12082.0 11303.0 9806.0 8386.0
4.8500000000000005 1.9891117136408336e-199 14627.0 14264.0 13733.0 13282.0 12615.0 11748.0 10821.0 9825.0 8137.0
4.9 4.1819758029279924e-206 14487.0 14098.0 13540.0 12968.0 12286.0 11522.0 10670.0 9437.0 7823.0
4.95 6.847471540398446e-213 14100.0 13871.0 13382.0 12951.0 12185.0 11511.0 10392.0 9276.0 7492.0
5.0 8.731831283793883e-220 13970.0 13636.0 13045.0 12669.0 11916.0 11124.0 10181.0 8768.0 7216.0
5.050000000000001 8.671751318031192e-227 13704.0 13323.0 12810.0 12286.0 11621.0 10729.0 9996.0 8622.0 7032.0
5.1000000000000005 6.707098336746416e-234 13427.0 13058.0 12517.0 12226.0 11547.0 10489.0 9685.0 8593.0 6848.0
5.15 4.040070206935763e-241 13293.0 12739.0 12398.0 11909.0 11202.0 10276.0 9509.0 8161.0 6630.0
5.2 1.8952632000464336e-248 12983.0 12674.0 12170.0 11652.0 11101.0 10217.0 9342.0 7941.0 6424.0
5.25 6.924310391689678e-256 12797.0 12278.0 11891.0 11351.0 10773.0 10043.0 9115.0 7809.0 6190.0
5.300000000000001 1.970198138567564e-263 12478.0 12280.0 11840.0 11211.0 10413.0 9612.0 8688.0 7655.0 5972.0
5.3500000000000005 4.3658585503097583e-271 12470.0 11725.0 11347.0 10952.0 10459.0 9607.0 8644.0 7280.0 5573.0
5.4 7.534523588101116e-279 12233.0 11705.0 11459.0 10691.0 10115.0 9331.0 8543.0 7242.0 5586.0
5.45 1.0126708581058729e-286 11947.0 11470.0 11109.0 10799.0 9978.0 9235.0 8332.0 7150.0 5477.0
5.5 1.0600032757624231e-294 11704.0 11358.0 10704.0 10385.0 9785.0 9083.0 8256.0 6888.0 5242.0
5.550000000000001 8.641168661418562e-303 11574.0 11257.0 10664.0 10097.0 9485.0 8953.0 7926.0 6649.0 5015.0
5.6000000000000005 5.486105262445e-311 11414.0 10937.0 10406.0 10086.0 9235.0 8776.0 7575.0 6517.0 4917.0
5.65 2.9644e-319 11016.0 10635.0 10337.0 9794.0 9194.0 8514.0 7717.0 6475.0 4854.0
5.7 0.0 10918.0 10418.0 10233.0 9661.0 9216.0 8404.0 7520.0 6230.0 4654.0
5.75 0.0 10849.0 10524.0 9920.0 9345.0 8827.0 8182.0 7271.0 6072.0 4584.0
5.800000000000001 0.0 10622.0 10005.0 9872.0 9371.0 8752.0 7849.0 7364.0 5846.0 4389.0
5.8500000000000005 0.0 10493.0 10011.0 9590.0 9187.0 8613.0 7838.0 6878.0 5727.0 4351.0
5.9 0.0 10084.0 9776.0 9611.0 8858.0 8272.0 7585.0 6713.0 5653.0 4138.0
5.95 0.0 9985.0 9731.0 9216.0 8935.0 8242.0 7587.0 6552.0 5549.0 4002.0
6.0 0.0 9832.0 9598.0 9164.0 8796.0 8146.0 7296.0 6574.0 5336.0 3945.0
6.050000000000001 0.0 9511.0 9323.0 8939.0 8382.0 7922.0 7268.0 6435.0 5260.0 3804.0
6.1000000000000005 0.0 9401.0 9338.0 8868.0 8233.0 7936.0 7115.0 6385.0 5118.0 3815.0
6.15 0.0 9394.0 9061.0 8598.0 8089.0 7629.0 6998.0 5989.0 5031.0 3551.0
6.2 0.0 9277.0 9056.0 8532.0 8059.0 7584.0 6695.0 6049.0 4964.0 3421.0
6.25 0.0 9063.0 8762.0 8369.0 7912.0 7304.0 6743.0 5889.0 4697.0 3433.0
6.300000000000001 0.0 9068.0 8671.0 8346.0 7653.0 7139.0 6653.0 5764.0 4645.0 3395.0
6.3500000000000005 0.0 8692.0 8491.0 8091.0 7604.0 7006.0 6462.0 5570.0 4509.0 3237.0
6.4 0.0 8598.0 8207.0 7921.0 7390.0 7018.0 6260.0 5606.0 4639.0 3085.0
6.45 0.0 8576.0 8132.0 7693.0 7379.0 6858.0 6143.0 5438.0 4512.0 3061.0
6.5 0.0 8451.0 8051.0 7734.0 7337.0 6734.0 6197.0 5357.0 4221.0 2926.0
6.550000000000001 0.0 8189.0 7794.0 7608.0 7064.0 6644.0 6010.0 5269.0 4312.0 2963.0
6.6000000000000005 0.0 7969.0 7824.0 7542.0 6977.0 6524.0 5967.0 5132.0 4232.0 2864.0
6.65 0.0 7922.0 7564.0 7425.0 6996.0 6415.0 5731.0 4893.0 3863.0 2736.0
6.7 0.0 7865.0 7639.0 7099.0 6732.0 6296.0 5764.0 4892.0 3875.0 2657.0
6.75 0.0 7707.0 7355.0 7050.0 6702.0 6151.0 5766.0 4905.0 3819.0 2619.0
6.800000000000001 0.0 7466.0 7313.0 6855.0 6588.0 6075.0 5418.0 4682.0 3704.0 2525.0
6.8500000000000005 0.0 7335.0 7130.0 6705.0 6400.0 5937.0 5426.0 4645.0 3646.0 2398.0
6.9 0.0 7247.0 6944.0 6723.0 6184.0 5777.0 5309.0 4561.0 3721.0 2392.0
6.95 0.0 7173.0 6854.0 6522.0 6224.0 5730.0 5214.0 4377.0 3651.0 2409.0
7.0 0.0 7166.0 6704.0 6377.0 6187.0 5623.0 5051.0 4396.0 3560.0 2276.0
7.050000000000001 0.0 7021.0 6702.0 6353.0 5818.0 5687.0 5031.0 4365.0 3437.0 2284.0
7.1000000000000005 0.0 6840.0 6567.0 6309.0 5963.0 5448.0 4836.0 4092.0 3381.0 2219.0
7.15 0.0 6697.0 6496.0 6023.0 5903.0 5483.0 4803.0 4117.0 3307.0 2170.0
7.2 0.0 6616.0 6452.0 5923.0 5613.0 5206.0 4751.0 4141.0 3140.0 2123.0
7.25 0.0 6576.0 6288.0 5966.0 5565.0 5123.0 4605.0 3920.0 3150.0 2072.0
7.300000000000001 0.0 6464.0 6175.0 5688.0 5478.0 4927.0 4518.0 3979.0 3062.0 2049.0
7.3500000000000005 0.0 6067.0 6082.0 5738.0 5414.0 5041.0 4464.0 4027.0 2992.0 2016.0
7.4 0.0 6207.0 5855.0 5607.0 5186.0 4926.0 4454.0 3691.0 2937.0 1867.0
7.45 0.0 6151.0 5807.0 5582.0 5227.0 4739.0 4259.0 3706.0 2877.0 1845.0
7.5 0.0 5931.0 5847.0 5606.0 5155.0 4645.0 4249.0 3755.0 2932.0 1757.0
7.550000000000001 0.0 5925.0 5622.0 5461.0 5045.0 4644.0 4216.0 3590.0 2805.0 1773.0
7.6000000000000005 0.0 5882.0 5494.0 5164.0 4970.0 4571.0 4149.0 3481.0 2766.0 1772.0
7.65 0.0 5645.0 5476.0 5185.0 4840.0 4424.0 3909.0 3328.0 2646.0 1711.0
7.7 0.0 5636.0 5432.0 5110.0 4868.0 4316.0 3858.0 3414.0 2649.0 1713.0
7.75 0.0 5414.0 5453.0 4996.0 4662.0 4331.0 3942.0 3387.0 2507.0 1711.0
7.800000000000001 0.0 5341.0 5162.0 4838.0 4614.0 4226.0 3782.0 3204.0 2586.0 1596.0
7.8500000000000005 0.0 5436.0 5131.0 4985.0 4586.0 4149.0 3701.0 3157.0 2531.0 1537.0
7.9 0.0 5140.0 5049.0 4712.0 4478.0 4085.0 3672.0 3249.0 2419.0 1515.0
7.95 0.0 5133.0 4968.0 4699.0 4340.0 4010.0 3617.0 3116.0 2401.0 1497.0
8.0 0.0 5054.0 4889.0 4572.0 4211.0 4015.0 3481.0 2980.0 2263.0 1513.0
8.05 0.0 4911.0 4785.0 4397.0 4222.0 3901.0 3332.0 2959.0 2372.0 1506.0
8.1 0.0 4859.0 4673.0 4472.0 4165.0 3895.0 3412.0 2928.0 2302.0 1368.0
8.15 0.0 4812.0 4609.0 4393.0 4113.0 3757.0 3348.0 2778.0 2271.0 1348.0
8.200000000000001 0.0 4750.0 4503.0 4166.0 4000.0 3761.0 3241.0 2791.0 2187.0 1347.0
8.25 0.0 4633.0 4404.0 4149.0 4035.0 3628.0 3313.0 2875.0 2140.0 1362.0
8.3 0.0 4577.0 4532.0 4115.0 3895.0 3617.0 3144.0 2762.0 2099.0 1299.0
8.35 0.0 4461.0 4279.0 4226.0 3833.0 3489.0 3103.0 2689.0 2079.0 1214.0
8.4 0.0 4295.0 4237.0 4055.0 3729.0 3384.0 3095.0 2689.0 2052.0 1234.0
8.450000000000001 0.0 4384.0 4145.0 3902.0 3738.0 3441.0 2997.0 2637.0 2084.0 1290.0
8.5 0.0 4176.0 4103.0 3791.0 3621.0 3408.0 2998.0 2488.0 2006.0 1150.0
8.55 0.0 4169.0 4049.0 3765.0 3520.0 3365.0 2879.0 2476.0 1867.0 1162.0
8.6 0.0 4208.0 4001.0 3722.0 3526.0 3223.0 2946.0 2452.0 1924.0 1208.0
8.65 0.0 4089.0 3915.0 3861.0 3466.0 3196.0 2901.0 2426.0 1916.0 1123.0
8.700000000000001 0.0 4027.0 3862.0 3595.0 3365.0 3062.0 2823.0 2334.0 1747.0 1033.0
8.75 0.0 3928.0 3776.0 3535.0 3330.0 3042.0 2694.0 2353.0 1823.0 1105.0
8.8 0.0 3839.0 3710.0 3376.0 3288.0 3000.0 2648.0 2292.0 1827.0 1047.0
8.85 0.0 3746.0 3611.0 3486.0 3247.0 2921.0 2655.0 2309.0 1802.0 1036.0
8.9 0.0 3642.0 3559.0 3460.0 3201.0 2914.0 2631.0 2113.0 1700.0 1064.0
8.950000000000001 0.0 3694.0 3507.0 3449.0 3194.0 2857.0 2626.0 2143.0 1702.0 1050.0
9.0 0.0 3662.0 3500.0 3265.0 3065.0 2818.0 2497.0 2177.0 1577.0 987.0
9.05 0.0 3514.0 3402.0 3290.0 2966.0 2886.0 2425.0 2125.0 1607.0 945.0
9.1 0.0 3565.0 3345.0 3246.0 3049.0 2693.0 2424.0 2113.0 1600.0 902.0
9.15 0.0 3416.0 3212.0 3182.0 2997.0 2749.0 2474.0 2093.0 1549.0 933.0
9.200000000000001 0.0 3342.0 3186.0 3054.0 2827.0 2686.0 2419.0 1998.0 1611.0 955.0
9.25 0.0 3328.0 3141.0 2958.0 2780.0 2606.0 2326.0 1919.0 1536.0 891.0
9.3 0.0 3331.0 3128.0 3085.0 2862.0 2687.0 2246.0 1987.0 1443.0 867.0
9.35 0.0 3202.0 2965.0 2923.0 2717.0 2494.0 2196.0 1877.0 1422.0 827.0
9.4 0.0 3217.0 3037.0 2914.0 2750.0 2446.0 2252.0 1898.0 1440.0 860.0
9.450000000000001 0.0 3073.0 2965.0 2872.0 2630.0 2540.0 2174.0 1799.0 1411.0 813.0
9.5 0.0 3078.0 2863.0 2876.0 2639.0 2378.0 2163.0 1736.0 1259.0 860.0
9.55 0.0 2968.0 2816.0 2666.0 2557.0 2339.0 2049.0 1731.0 1318.0 799.0
9.600000000000001 0.0 2992.0 2828.0 2557.0 2504.0 2305.0 1980.0 1723.0 1301.0 782.0
9.65 0.0 2908.0 2675.0 2645.0 2513.0 2273.0 2030.0 1647.0 1291.0 806.0
9.700000000000001 0.0 2882.0 2790.0 2569.0 2404.0 2194.0 2019.0 1696.0 1276.0 770.0
9.75 0.0 2832.0 2604.0 2506.0 2441.0 2222.0 1887.0 1659.0 1255.0 758.0
9.8 0.0 2835.0 2708.0 2487.0 2384.0 2214.0 1932.0 1583.0 1287.0 773.0
9.850000000000001 0.0 2803.0 2556.0 2419.0 2397.0 2100.0 1862.0 1500.0 1190.0 712.0
9.9 0.0 2653.0 2586.0 2429.0 2239.0 2031.0 1870.0 1589.0 1145.0 739.0
9.950000000000001 0.0 2681.0 2527.0 2421.0 2158.0 2075.0 1860.0 1580.0 1230.0 725.0
10.0 0.0 2514.0 2555.0 2408.0 2238.0 2010.0 1802.0 1524.0 1132.0 689.0
10.05 0.0 2567.0 2421.0 2288.0 2048.0 1982.0 1805.0 1491.0 1074.0 677.0
10.100000000000001 0.0 2517.0 2464.0 2293.0 2140.0 1944.0 1705.0 1454.0 1140.0 670.0
10.15 0.0 2463.0 2237.0 2233.0 2077.0 1950.0 1741.0 1434.0 1098.0 666.0
10.200000000000001 0.0 2408.0 2402.0 2229.0 2032.0 1931.0 1757.0 1390.0 1104.0 653.0
10.25 0.0 2342.0 2266.0 2159.0 2055.0 1869.0 1707.0 1348.0 1063.0 647.0
10.3 0.0 2354.0 2322.0 2129.0 2009.0 1709.0 1581.0 1308.0 991.0 616.0
10.350000000000001 0.0 2331.0 2225.0 2030.0 1864.0 1843.0 1651.0 1376.0 1098.0 634.0
10.4 0.0 2267.0 2131.0 2141.0 1928.0 1748.0 1589.0 1291.0 996.0 584.0
10.450000000000001 0.0 2170.0 2070.0 2039.0 1939.0 1704.0 1650.0 1327.0 960.0 644.0
10.5 0.0 2204.0 2123.0 1982.0 1746.0 1664.0 1585.0 1251.0 977.0 616.0
10.55 0.0 2089.0 2100.0 1954.0 1791.0 1600.0 1552.0 1236.0 964.0 590.0
10.600000000000001 0.0 2146.0 1965.0 1948.0 1829.0 1622.0 1470.0 1195.0 914.0 580.0
10.65 0.0 2047.0 2012.0 1885.0 1745.0 1698.0 1427.0 1210.0 900.0 537.0
10.700000000000001 0.0 2065.0 2002.0 1950.0 1689.0 1639.0 1445.0 1251.0 875.0 511.0
10.75 0.0 1916.0 1959.0 1861.0 1754.0 1613.0 1411.0 1202.0 881.0 522.0
10.8 0.0 1949.0 1919.0 1809.0 1711.0 1506.0 1374.0 1175.0 870.0 504.0
10.850000000000001 0.0 1989.0 1882.0 1717.0 1632.0 1498.0 1302.0 1175.0 874.0 544.0
10.9 0.0 1919.0 1892.0 1735.0 1641.0 1508.0 1325.0 1131.0 881.0 507.0
10.950000000000001 0.0 1924.0 1874.0 1670.0 1591.0 1473.0 1320.0 1043.0 841.0 507.0
11.0 0.0 1826.0 1745.0 1663.0 1592.0 1382.0 1309.0 1049.0 769.0 450.0
11.05 0.0 1887.0 1707.0 1677.0 1486.0 1389.0 1219.0 1060.0 793.0 471.0
11.100000000000001 0.0 1773.0 1708.0 1602.0 1553.0 1357.0 1193.0 1057.0 854.0 470.0
11.15 0.0 1758.0 1697.0 1600.0 1488.0 1406.0 1220.0 979.0 741.0 428.0
11.200000000000001 0.0 1709.0 1683.0 1583.0 1450.0 1353.0 1149.0 1066.0 803.0 469.0
11.25 0.0 1737.0 1616.0 1535.0 1483.0 1270.0 1222.0 949.0 754.0 439.0
11.3 0.0 1706.0 1610.0 1528.0 1396.0 1343.0 1162.0 958.0 774.0 452.0
11.350000000000001 0.0 1576.0 1621.0 1566.0 1381.0 1256.0 1081.0 961.0 748.0 434.0
11.4 0.0 1613.0 1562.0 1558.0 1417.0 1240.0 1119.0 908.0 772.0 419.0
11.450000000000001 0.0 1532.0 1566.0 1436.0 1328.0 1223.0 1066.0 892.0 689.0 392.0
11.5 0.0 1590.0 1470.0 1372.0 1344.0 1240.0 1046.0 927.0 705.0 411.0
11.55 0.0 1576.0 1503.0 1387.0 1271.0 1263.0 1096.0 896.0 649.0 410.0
11.600000000000001 0.0 1533.0 1405.0 1427.0 1228.0 1199.0 1023.0 888.0 660.0 410.0
11.65 0.0 1449.0 1378.0 1364.0 1285.0 1268.0 1000.0 882.0 677.0 384.0
11.700000000000001 0.0 1475.0 1357.0 1331.0 1252.0 1172.0 1018.0 914.0 630.0 403.0
11.75 0.0 1465.0 1402.0 1312.0 1237.0 1134.0 965.0 856.0 669.0 393.0
11.8 0.0 1443.0 1378.0 1293.0 1147.0 1030.0 1020.0 842.0 623.0 351.0
11.850000000000001 0.0 1349.0 1352.0 1333.0 1120.0 1036.0 994.0 827.0 655.0 329.0
11.9 0.0 1366.0 1340.0 1263.0 1110.0 1094.0 970.0 757.0 639.0 310.0
11.950000000000001 0.0 1350.0 1296.0 1256.0 1100.0 1056.0 890.0 820.0 588.0 345.0
12.0 0.0 1308.0 1221.0 1219.0 1152.0 1031.0 891.0 732.0 570.0 352.0
12.05 0.0 1247.0 1175.0 1235.0 1167.0 962.0 964.0 765.0 597.0 339.0
12.100000000000001 0.0 1321.0 1292.0 1191.0 1059.0 952.0 853.0 783.0 533.0 351.0
12.15 0.0 1272.0 1232.0 1143.0 1073.0 955.0 951.0 748.0 585.0 333.0
12.200000000000001 0.0 1214.0 1170.0 1151.0 1032.0 969.0 841.0 692.0 571.0 315.0
12.25 0.0 1160.0 1164.0 1103.0 1029.0 889.0 855.0 717.0 582.0 320.0
12.3 0.0 1193.0 1201.0 1106.0 1000.0 940.0 848.0 752.0 522.0 318.0
12.350000000000001 0.0 1137.0 1042.0 1075.0 1022.0 914.0 818.0 732.0 526.0 301.0
12.4 0.0 1114.0 1144.0 1101.0 966.0 892.0 857.0 643.0 484.0 305.0
12.450000000000001 0.0 1131.0 1085.0 1051.0 946.0 868.0 779.0 637.0 537.0 289.0
12.5 0.0 1160.0 1024.0 1019.0 890.0 906.0 765.0 672.0 483.0 312.0
12.55 0.0 1141.0 1117.0 971.0 919.0 861.0 744.0 657.0 517.0 273.0
12.600000000000001 0.0 1140.0 1058.0 1018.0 909.0 856.0 711.0 647.0 502.0 304.0
12.65 0.0 1055.0 996.0 972.0 908.0 843.0 754.0 585.0 484.0 277.0
12.700000000000001 0.0 1096.0 1018.0 939.0 883.0 858.0 778.0 685.0 430.0 267.0
12.75 0.0 1049.0 1009.0 966.0 917.0 820.0 682.0 583.0 476.0 281.0
12.8 0.0 983.0 984.0 894.0 835.0 766.0 671.0 602.0 430.0 248.0
12.850000000000001 0.0 993.0 958.0 932.0 902.0 821.0 680.0 635.0 470.0 260.0
12.9 0.0 943.0 973.0 849.0 794.0 776.0 646.0 580.0 440.0 287.0
12.950000000000001 0.0 904.0 945.0 889.0 867.0 712.0 670.0 554.0 398.0 264.0
13.0 0.0 909.0 934.0 890.0 791.0 689.0 693.0 561.0 412.0 266.0
13.05 0.0 924.0 953.0 801.0 761.0 725.0 608.0 551.0 454.0 237.0
13.100000000000001 0.0 882.0 857.0 892.0 823.0 730.0 670.0 517.0 386.0 214.0
13.15 0.0 915.0 834.0 778.0 762.0 722.0 664.0 541.0 390.0 225.0
13.200000000000001 0.0 888.0 889.0 795.0 781.0 665.0 659.0 541.0 397.0 217.0
13.25 0.0 854.0 778.0 812.0 746.0 751.0 609.0 488.0 378.0 226.0
13.3 0.0 939.0 835.0 782.0 722.0 657.0 635.0 539.0 391.0 212.0
13.350000000000001 0.0 829.0 809.0 730.0 734.0 641.0 609.0 517.0 375.0 192.0
13.4 0.0 802.0 740.0 757.0 728.0 673.0 569.0 520.0 372.0 219.0
13.450000000000001 0.0 821.0 739.0 695.0 693.0 635.0 559.0 485.0 409.0 202.0
13.5 0.0 779.0 776.0 700.0 723.0 624.0 590.0 473.0 340.0 217.0
13.55 0.0 826.0 768.0 702.0 684.0 604.0 522.0 466.0 384.0 211.0
13.600000000000001 0.0 780.0 765.0 666.0 639.0 580.0 533.0 458.0 354.0 228.0
13.65 0.0 756.0 753.0 670.0 674.0 634.0 543.0 469.0 335.0 191.0
13.700000000000001 0.0 776.0 656.0 695.0 600.0 577.0 491.0 409.0 321.0 195.0
13.75 0.0 745.0 699.0 661.0 622.0 607.0 485.0 401.0 344.0 191.0
13.8 0.0 695.0 666.0 650.0 608.0 554.0 494.0 390.0 327.0 196.0
13.850000000000001 0.0 685.0 686.0 629.0 591.0 510.0 471.0 416.0 318.0 184.0
13.9 0.0 721.0 688.0 610.0 623.0 534.0 478.0 414.0 307.0 174.0
13.950000000000001 0.0 672.0 654.0 655.0 576.0 533.0 485.0 399.0 294.0 187.0
14.0 0.0 630.0 656.0 655.0 580.0 597.0 493.0 442.0 294.0 196.0
14.05 0.0 669.0 654.0 601.0 543.0 517.0 470.0 373.0 294.0 147.0
14.100000000000001 0.0 644.0 612.0 585.0 573.0 471.0 448.0 405.0 311.0 171.0
14.15 0.0 618.0 641.0 568.0 550.0 493.0 417.0 390.0 300.0 157.0
14.200000000000001 0.0 617.0 623.0 583.0 553.0 504.0 441.0 361.0 275.0 164.0
14.25 0.0 622.0 630.0 576.0 501.0 462.0 419.0 359.0 299.0 182.0
14.3 0.0 633.0 580.0 558.0 527.0 468.0 443.0 316.0 271.0 155.0
14.350000000000001 0.0 614.0 519.0 523.0 543.0 433.0 407.0 376.0 280.0 168.0
14.4 0.0 612.0 612.0 555.0 488.0 471.0 403.0 325.0 257.0 167.0
14.450000000000001 0.0 581.0 559.0 542.0 507.0 422.0 407.0 329.0 248.0 126.0
14.5 0.0 599.0 568.0 525.0 500.0 443.0 377.0 339.0 250.0 144.0
14.55 0.0 547.0 527.0 521.0 466.0 433.0 428.0 334.0 245.0 144.0
14.600000000000001 0.0 543.0 542.0 502.0 460.0 421.0 376.0 310.0 255.0 136.0
14.65 0.0 605.0 528.0 537.0 445.0 466.0 365.0 293.0 225.0 135.0
14.700000000000001 0.0 517.0 526.0 501.0 474.0 437.0 356.0 317.0 214.0 162.0
14.75 0.0 558.0 525.0 506.0 445.0 436.0 390.0 303.0 215.0 118.0
14.8 0.0 519.0 516.0 468.0 446.0 405.0 375.0 296.0 225.0 120.0
14.850000000000001 0.0 499.0 499.0 503.0 418.0 402.0 358.0 328.0 222.0 126.0
14.9 0.0 486.0 470.0 470.0 413.0 391.0 337.0 291.0 184.0 144.0
14.950000000000001 0.0 494.0 473.0 465.0 430.0 376.0 338.0 278.0 224.0 139.0
15.0 0.0 456.0 460.0 417.0 399.0 371.0 352.0 244.0 210.0 128.0
15.05 0.0 491.0 457.0 421.0 428.0 362.0 367.0 296.0 221.0 118.0
15.100000000000001 0.0 495.0 484.0 438.0 421.0 361.0 297.0 292.0 216.0 118.0
15.15 0.0 482.0 439.0 418.0 402.0 365.0 330.0 232.0 216.0 110.0
15.200000000000001 0.0 465.0 439.0 418.0 416.0 353.0 318.0 284.0 196.0 111.0
15.25 0.0 473.0 436.0 383.0 369.0 347.0 306.0 270.0 219.0 116.0
15.3 0.0 437.0 438.0 398.0 350.0 329.0 327.0 250.0 194.0 125.0
15.350000000000001 0.0 450.0 436.0 431.0 363.0 340.0 301.0 257.0 197.0 111.0
15.4 0.0 394.0 443.0 401.0 367.0 315.0 297.0 252.0 180.0 112.0
15.450000000000001 0.0 425.0 388.0 404.0 346.0 294.0 287.0 233.0 186.0 132.0
15.5 0.0 381.0 419.0 376.0 361.0 319.0 301.0 247.0 186.0 96.0
15.55 0.0 424.0 400.0 363.0 359.0 326.0 291.0 229.0 208.0 118.0
15.600000000000001 0.0 385.0 390.0 346.0 344.0 325.0 258.0 226.0 175.0 103.0
15.65 0.0 416.0 367.0 365.0 376.0 283.0 285.0 214.0 200.0 94.0
15.700000000000001 0.0 362.0 362.0 358.0 362.0 309.0 270.0 229.0 176.0 100.0
15.75 0.0 400.0 369.0 353.0 310.0 302.0 296.0 201.0 169.0 95.0
15.8 0.0 375.0 361.0 340.0 303.0 277.0 243.0 218.0 168.0 81.0
15.850000000000001 0.0 347.0 351.0 345.0 306.0 299.0 247.0 230.0 156.0 94.0
15.9 0.0 383.0 343.0 355.0 329.0 297.0 262.0 193.0 178.0 85.0
15.950000000000001 0.0 376.0 347.0 327.0 306.0 252.0 266.0 218.0 154.0 87.0
16.0 0.0 372.0 337.0 312.0 325.0 286.0 199.0 205.0 158.0 94.0
16.05 0.0 354.0 353.0 319.0 308.0 258.0 212.0 222.0 175.0 84.0
16.1 0.0 336.0 313.0 303.0 311.0 251.0 231.0 187.0 127.0 83.0
16.150000000000002 0.0 344.0 345.0 277.0 272.0 290.0 197.0 191.0 154.0 89.0
16.2 0.0 357.0 325.0 300.0 262.0 262.0 221.0 199.0 130.0 88.0
16.25 0.0 324.0 315.0 257.0 286.0 253.0 236.0 205.0 130.0 80.0
16.3 0.0 307.0 326.0 273.0 266.0 232.0 204.0 168.0 155.0 96.0
16.35 0.0 320.0 300.0 310.0 287.0 221.0 214.0 191.0 145.0 86.0
16.400000000000002 0.0 317.0 298.0 278.0 268.0 257.0 227.0 199.0 137.0 73.0
16.45 0.0 282.0 293.0 269.0 264.0 253.0 213.0 194.0 137.0 77.0
16.5 0.0 299.0 272.0 271.0 256.0 220.0 214.0 179.0 133.0 92.0
16.55 0.0 286.0 267.0 251.0 268.0 217.0 187.0 184.0 125.0 76.0
16.6 0.0 287.0 269.0 293.0 237.0 248.0 199.0 166.0 131.0 73.0
16.650000000000002 0.0 296.0 283.0 250.0 273.0 213.0 208.0 159.0 126.0 85.0
16.7 0.0 287.0 256.0 256.0 228.0 198.0 179.0 151.0 102.0 62.0
16.75 0.0 260.0 266.0 243.0 220.0 209.0 164.0 153.0 114.0 67.0
16.8 0.0 247.0 269.0 246.0 208.0 212.0 217.0 134.0 118.0 60.0
16.85 0.0 288.0 232.0 260.0 227.0 217.0 186.0 140.0 116.0 74.0
16.900000000000002 0.0 315.0 256.0 222.0 185.0 175.0 177.0 126.0 105.0 61.0
16.95 0.0 261.0 255.0 223.0 220.0 191.0 178.0 146.0 112.0 58.0
17.0 0.0 266.0 236.0 216.0 204.0 204.0 182.0 140.0 99.0 69.0
17.05 0.0 236.0 236.0 229.0 216.0 180.0 191.0 129.0 127.0 67.0
17.1 0.0 247.0 232.0 220.0 206.0 188.0 150.0 145.0 115.0 71.0
17.150000000000002 0.0 241.0 237.0 200.0 214.0 206.0 159.0 143.0 120.0 60.0
17.2 0.0 210.0 237.0 205.0 163.0 187.0 191.0 132.0 115.0 66.0
17.25 0.0 240.0 201.0 217.0 214.0 173.0 163.0 126.0 125.0 46.0
17.3 0.0 214.0 215.0 210.0 216.0 177.0 157.0 135.0 102.0 45.0
17.35 0.0 215.0 212.0 211.0 190.0 164.0 162.0 137.0 82.0 65.0
17.400000000000002 0.0 205.0 229.0 211.0 164.0 171.0 136.0 118.0 93.0 58.0
17.45 0.0 234.0 223.0 194.0 170.0 163.0 146.0 120.0 94.0 54.0
17.5 0.0 206.0 225.0 199.0 178.0 178.0 146.0 114.0 90.0 64.0
17.55 0.0 209.0 196.0 164.0 176.0 172.0 134.0 117.0 97.0 39.0
17.6 0.0 232.0 199.0 185.0 199.0 176.0 168.0 119.0 87.0 62.0
17.650000000000002 0.0 203.0 178.0 182.0 171.0 144.0 126.0 130.0 73.0 46.0
17.7 0.0 208.0 178.0 196.0 187.0 150.0 111.0 106.0 82.0 36.0
17.75 0.0 189.0 166.0 180.0 180.0 150.0 147.0 108.0 83.0 49.0
17.8 0.0 213.0 183.0 157.0 153.0 158.0 117.0 100.0 109.0 48.0
17.85 0.0 191.0 180.0 161.0 160.0 163.0 135.0 120.0 94.0 51.0
17.900000000000002 0.0 180.0 180.0 170.0 145.0 140.0 131.0 103.0 89.0 49.0
17.95 0.0 176.0 179.0 157.0 153.0 141.0 126.0 131.0 83.0 52.0
18.0 0.0 148.0 164.0 164.0 150.0 134.0 119.0 118.0 76.0 38.0
18.05 0.0 158.0 162.0 171.0 143.0 141.0 153.0 110.0 74.0 37.0
18.1 0.0 153.0 173.0 143.0 165.0 133.0 136.0 113.0 77.0 35.0
18.150000000000002 0.0 165.0 166.0 141.0 129.0 132.0 124.0 83.0 72.0 42.0
18.2 0.0 157.0 152.0 160.0 149.0 118.0 94.0 98.0 72.0 41.0
18.25 0.0 154.0 175.0 147.0 141.0 137.0 104.0 77.0 78.0 44.0
18.3 0.0 160.0 148.0 157.0 144.0 152.0 116.0 98.0 76.0 39.0
18.35 0.0 156.0 154.0 149.0 130.0 127.0 124.0 90.0 56.0 29.0
18.400000000000002 0.0 162.0 134.0 145.0 124.0 118.0 100.0 88.0 65.0 45.0
18.45 0.0 146.0 144.0 117.0 129.0 125.0 99.0 101.0 77.0 34.0
18.5 0.0 158.0 149.0 135.0 123.0 136.0 94.0 96.0 67.0 48.0
18.55 0.0 142.0 151.0 154.0 131.0 128.0 103.0 90.0 70.0 48.0
18.6 0.0 146.0 147.0 124.0 124.0 120.0 96.0 76.0 60.0 39.0
18.650000000000002 0.0 150.0 141.0 128.0 114.0 118.0 90.0 65.0 60.0 38.0
18.7 0.0 131.0 125.0 110.0 118.0 113.0 86.0 73.0 66.0 31.0
18.75 0.0 122.0 125.0 106.0 116.0 125.0 100.0 65.0 74.0 38.0
18.8 0.0 134.0 138.0 124.0 116.0 97.0 96.0 64.0 61.0 33.0
18.85 0.0 133.0 121.0 120.0 94.0 97.0 83.0 77.0 65.0 33.0
18.900000000000002 0.0 138.0 119.0 114.0 108.0 111.0 108.0 86.0 62.0 41.0
18.95 0.0 130.0 126.0 104.0 104.0 87.0 88.0 91.0 59.0 26.0
19.0 0.0 137.0 121.0 112.0 121.0 92.0 97.0 80.0 51.0 31.0
19.05 0.0 114.0 114.0 100.0 120.0 101.0 87.0 73.0 42.0 28.0
19.1 0.0 119.0 118.0 121.0 112.0 96.0 90.0 67.0 55.0 21.0
19.150000000000002 0.0 86.0 108.0 103.0 101.0 92.0 86.0 79.0 53.0 35.0
19.200000000000003 0.0 105.0 125.0 130.0 86.0 105.0 81.0 69.0 53.0 33.0
19.25 0.0 113.0 103.0 118.0 109.0 92.0 82.0 62.0 64.0 35.0
19.3 0.0 103.0 111.0 103.0 111.0 96.0 88.0 60.0 53.0 22.0
19.35 0.0 95.0 125.0 109.0 80.0 91.0 88.0 51.0 39.0 21.0
19.400000000000002 0.0 93.0 95.0 110.0 110.0 101.0 73.0 49.0 40.0 31.0
19.450000000000003 0.0 108.0 97.0 103.0 93.0 87.0 75.0 58.0 54.0 37.0
19.5 0.0 119.0 94.0 109.0 92.0 94.0 63.0 58.0 47.0 31.0
19.55 0.0 102.0 88.0 88.0 82.0 78.0 84.0 68.0 50.0 22.0
19.6 0.0 104.0 107.0 100.0 81.0 84.0 71.0 68.0 39.0 29.0
19.650000000000002 0.0 98.0 95.0 75.0 90.0 85.0 82.0 76.0 45.0 19.0
19.700000000000003 0.0 108.0 101.0 76.0 68.0 89.0 63.0 59.0 52.0 31.0
19.75 0.0 110.0 98.0 91.0 88.0 75.0 76.0 71.0 42.0 27.0
19.8 0.0 108.0 102.0 81.0 74.0 80.0 68.0 57.0 46.0 28.0
19.85 0.0 118.0 99.0 90.0 91.0 75.0 74.0 50.0 44.0 27.0
19.900000000000002 0.0 103.0 99.0 74.0 89.0 69.0 54.0 45.0 45.0 21.0
19.950000000000003 0.0 90.0 97.0 87.0 97.0 87.0 67.0 49.0 30.0 27.0
20.0 0.0 108.0 84.0 77.0 65.0 66.0 58.0 54.0 39.0 28.0
20.05 0.0 71.0 84.0 80.0 81.0 70.0 68.0 56.0 39.0 24.0
20.1 0.0 91.0 94.0 83.0 78.0 75.0 67.0 59.0 37.0 22.0
20.150000000000002 0.0 105.0 75.0 98.0 76.0 64.0 61.0 46.0 35.0 20.0
20.200000000000003 0.0 94.0 92.0 86.0 71.0 78.0 67.0 52.0 29.0 16.0
20.25 0.0 83.0 79.0 78.0 73.0 70.0 50.0 44.0 33.0 24.0
20.3 0.0 73.0 77.0 88.0 53.0 50.0 51.0 66.0 35.0 30.0
20.35 0.0 84.0 71.0 71.0 67.0 69.0 55.0 40.0 36.0 26.0
20.400000000000002 0.0 91.0 69.0 76.0 65.0 75.0 54.0 39.0 42.0 23.0
20.450000000000003 0.0 82.0 68.0 62.0 62.0 67.0 57.0 40.0 27.0 13.0
20.5 0.0 76.0 85.0 75.0 59.0 57.0 61.0 45.0 30.0 17.0
20.55 0.0 70.0 68.0 88.0 74.0 47.0 60.0 37.0 33.0 21.0
20.6 0.0 71.0 75.0 79.0 51.0 71.0 47.0 37.0 39.0 15.0
20.650000000000002 0.0 71.0 72.0 55.0 54.0 60.0 53.0 49.0 34.0 17.0
20.700000000000003 0.0 68.0 65.0 64.0 68.0 48.0 54.0 37.0 32.0 15.0
20.75 0.0 78.0 61.0 56.0 57.0 41.0 53.0 51.0 32.0 15.0
20.8 0.0 55.0 74.0 73.0 58.0 47.0 53.0 29.0 33.0 23.0
20.85 0.0 86.0 75.0 73.0 62.0 46.0 49.0 32.0 30.0 25.0
20.900000000000002 0.0 63.0 64.0 53.0 54.0 47.0 50.0 39.0 30.0 11.0
20.950000000000003 0.0 64.0 73.0 61.0 67.0 52.0 40.0 38.0 27.0 16.0
21.0 0.0 79.0 58.0 58.0 48.0 58.0 48.0 42.0 26.0 15.0
21.05 0.0 69.0 75.0 65.0 44.0 43.0 42.0 33.0 25.0 21.0
21.1 0.0 64.0 62.0 54.0 64.0 50.0 55.0 45.0 31.0 20.0
21.150000000000002 0.0 63.0 54.0 64.0 55.0 50.0 46.0 41.0 41.0 12.0
21.200000000000003 0.0 70.0 54.0 50.0 58.0 59.0 37.0 28.0 24.0 9.0
21.25 0.0 59.0 69.0 52.0 52.0 52.0 48.0 35.0 27.0 15.0
21.3 0.0 62.0 56.0 53.0 45.0 47.0 42.0 39.0 28.0 14.0
21.35 0.0 60.0 78.0 50.0 47.0 43.0 32.0 31.0 36.0 14.0
21.400000000000002 0.0 45.0 58.0 35.0 43.0 38.0 44.0 31.0 35.0 14.0
21.450000000000003 0.0 61.0 62.0 47.0 51.0 46.0 38.0 33.0 16.0 14.0
21.5 0.0 54.0 54.0 46.0 43.0 39.0 43.0 33.0 24.0 14.0
21.55 0.0 62.0 72.0 40.0 54.0 32.0 46.0 29.0 24.0 10.0
21.6 0.0 52.0 44.0 46.0 48.0 37.0 40.0 28.0 24.0 16.0
21.650000000000002 0.0 48.0 58.0 47.0 45.0 34.0 39.0 39.0 20.0 19.0
21.700000000000003 0.0 51.0 58.0 47.0 46.0 34.0 39.0 33.0 22.0 14.0
21.75 0.0 58.0 38.0 37.0 54.0 36.0 37.0 37.0 17.0 18.0
21.8 0.0 52.0 51.0 47.0 46.0 48.0 29.0 33.0 19.0 13.0
21.85 0.0 51.0 37.0 41.0 38.0 40.0 27.0 34.0 18.0 14.0
21.900000000000002 0.0 64.0 43.0 50.0 54.0 41.0 35.0 30.0 20.0 9.0
21.950000000000003 0.0 42.0 51.0 41.0 35.0 39.0 30.0 21.0 20.0 15.0
22.0 0.0 36.0 39.0 43.0 48.0 34.0 38.0 39.0 13.0 9.0
22.05 0.0 45.0 40.0 36.0 44.0 39.0 41.0 30.0 18.0 15.0
22.1 0.0 45.0 44.0 42.0 37.0 37.0 44.0 31.0 20.0 11.0
22.150000000000002 0.0 60.0 46.0 38.0 39.0 35.0 29.0 21.0 13.0 11.0
22.200000000000003 0.0 45.0 42.0 38.0 30.0 22.0 26.0 26.0 11.0 11.0
22.25 0.0 50.0 53.0 46.0 43.0 31.0 20.0 28.0 12.0 12.0
22.3 0.0 40.0 30.0 43.0 43.0 24.0 32.0 35.0 18.0 5.0
22.35 0.0 36.0 50.0 37.0 41.0 29.0 30.0 28.0 27.0 12.0
22.400000000000002 0.0 38.0 47.0 44.0 33.0 35.0 40.0 28.0 16.0 13.0
22.450000000000003 0.0 47.0 41.0 34.0 30.0 32.0 33.0 15.0 16.0 17.0
22.5 0.0 44.0 37.0 42.0 38.0 34.0 30.0 27.0 17.0 7.0
22.55 0.0 51.0 33.0 41.0 31.0 25.0 36.0 20.0 14.0 12.0
22.6 0.0 39.0 38.0 38.0 44.0 33.0 22.0 25.0 18.0 5.0
22.650000000000002 0.0 39.0 51.0 33.0 37.0 27.0 21.0 23.0 18.0 10.0
22.700000000000003 0.0 33.0 41.0 33.0 32.0 18.0 26.0 22.0 19.0 6.0
22.75 0.0 27.0 43.0 42.0 40.0 24.0 23.0 20.0 18.0 11.0
22.8 0.0 31.0 37.0 29.0 25.0 28.0 28.0 22.0 14.0 10.0
22.85 0.0 49.0 30.0 33.0 50.0 28.0 31.0 24.0 14.0 8.0
22.900000000000002 0.0 41.0 35.0 27.0 37.0 24.0 30.0 37.0 11.0 12.0
22.950000000000003 0.0 34.0 30.0 35.0 31.0 22.0 20.0 19.0 19.0 9.0
23.0 0.0 43.0 24.0 26.0 27.0 33.0 27.0 18.0 23.0 11.0
23.05 0.0 37.0 29.0 24.0 20.0 24.0 21.0 14.0 11.0 5.0
23.1 0.0 36.0 30.0 23.0 18.0 29.0 22.0 18.0 14.0 7.0
23.150000000000002 0.0 36.0 34.0 31.0 22.0 22.0 15.0 26.0 11.0 3.0
23.200000000000003 0.0 29.0 29.0 28.0 37.0 21.0 18.0 19.0 16.0 11.0
23.25 0.0 26.0 33.0 27.0 27.0 16.0 14.0 17.0 14.0 8.0
23.3 0.0 34.0 26.0 27.0 32.0 28.0 24.0 18.0 13.0 13.0
23.35 0.0 28.0 40.0 29.0 30.0 23.0 24.0 17.0 17.0 6.0
23.400000000000002 0.0 32.0 20.0 35.0 23.0 19.0 20.0 23.0 9.0 8.0
23.450000000000003 0.0 28.0 25.0 36.0 24.0 23.0 16.0 26.0 10.0 8.0
23.5 0.0 23.0 22.0 30.0 20.0 22.0 18.0 18.0 7.0 8.0
23.55 0.0 27.0 29.0 22.0 24.0 21.0 21.0 14.0 9.0 5.0
23.6 0.0 26.0 26.0 26.0 21.0 11.0 14.0 7.0 19.0 5.0
23.650000000000002 0.0 20.0 31.0 24.0 21.0 16.0 17.0 20.0 9.0 8.0
23.700000000000003 0.0 27.0 20.0 27.0 17.0 24.0 16.0 14.0 13.0 11.0
23.75 0.0 20.0 23.0 20.0 25.0 21.0 20.0 19.0 6.0 3.0
23.8 0.0 29.0 21.0 24.0 22.0 16.0 23.0 14.0 15.0 10.0
23.85 0.0 29.0 18.0 26.0 20.0 32.0 19.0 12.0 13.0 4.0
23.900000000000002 0.0 16.0 19.0 20.0 19.0 18.0 24.0 17.0 5.0 6.0
23.950000000000003 0.0 28.0 18.0 22.0 31.0 19.0 17.0 23.0 15.0 4.0
24.0 0.0 34.0 21.0 28.0 19.0 13.0 13.0 11.0 9.0 9.0
24.05 0.0 16.0 22.0 14.0 23.0 20.0 15.0 11.0 12.0 5.0
24.1 0.0 28.0 20.0 22.0 23.0 23.0 9.0 15.0 5.0 9.0
24.150000000000002 0.0 16.0 20.0 24.0 15.0 21.0 20.0 7.0 4.0 7.0
24.200000000000003 0.0 22.0 17.0 23.0 19.0 21.0 19.0 8.0 16.0 10.0
24.25 0.0 19.0 19.0 20.0 23.0 21.0 16.0 9.0 7.0 7.0
24.3 0.0 22.0 30.0 24.0 25.0 13.0 6.0 11.0 6.0 9.0
24.35 0.0 18.0 20.0 15.0 31.0 12.0 14.0 13.0 10.0 4.0
24.400000000000002 0.0 23.0 23.0 8.0 23.0 11.0 17.0 12.0 8.0 1.0
24.450000000000003 0.0 18.0 14.0 21.0 11.0 18.0 12.0 14.0 8.0 5.0
24.5 0.0 24.0 19.0 15.0 16.0 26.0 10.0 7.0 8.0 6.0
24.55 0.0 21.0 10.0 27.0 22.0 17.0 11.0 9.0 12.0 7.0
24.6 0.0 13.0 18.0 13.0 20.0 13.0 12.0 11.0 7.0 6.0
24.650000000000002 0.0 19.0 17.0 18.0 12.0 16.0 15.0 13.0 11.0 2.0
24.700000000000003 0.0 19.0 21.0 12.0 12.0 24.0 14.0 15.0 10.0 5.0
24.75 0.0 14.0 21.0 18.0 25.0 14.0 18.0 4.0 9.0 6.0
24.8 0.0 16.0 10.0 12.0 17.0 16.0 14.0 8.0 10.0 2.0
24.85 0.0 17.0 20.0 11.0 20.0 21.0 9.0 5.0 6.0 3.0
24.900000000000002 0.0 16.0 17.0 21.0 13.0 14.0 17.0 11.0 6.0 3.0
24.950000000000003 0.0 17.0 19.0 15.0 18.0 10.0 13.0 8.0 3.0 5.0
25.0 0.0 20.0 32.0 13.0 10.0 12.0 9.0 8.0 6.0 7.0
25.05 0.0 17.0 17.0 18.0 9.0 8.0 11.0 8.0 9.0 4.0
25.1 0.0 14.0 22.0 20.0 16.0 11.0 19.0 17.0 9.0 2.0
25.150000000000002 0.0 13.0 18.0 10.0 15.0 18.0 13.0 9.0 15.0 3.0
25.200000000000003 0.0 16.0 16.0 15.0 15.0 9.0 16.0 11.0 7.0 5.0
25.25 0.0 20.0 18.0 12.0 15.0 8.0 3.0 10.0 9.0 9.0
25.3 0.0 23.0 14.0 19.0 14.0 11.0 14.0 9.0 10.0 5.0
25.35 0.0 14.0 18.0 14.0 20.0 10.0 7.0 8.0 7.0 4.0
25.400000000000002 0.0 12.0 18.0 11.0 10.0 11.0 10.0 9.0 4.0 1.0
25.450000000000003 0.0 13.0 9.0 19.0 19.0 6.0 9.0 9.0 8.0 2.0
25.5 0.0 16.0 13.0 11.0 24.0 15.0 9.0 11.0 5.0 5.0
25.55 0.0 16.0 17.0 15.0 20.0 10.0 15.0 10.0 3.0 3.0
25.6 0.0 16.0 11.0 13.0 16.0 16.0 13.0 8.0 6.0 5.0
