# names: Curve 1
0.000000 1.758749542595e-70 1.000000000000e+0
0.050000 1.257672382878e-66 9.802472508895e-1
0.100000 7.004182134319e-63 9.609782322374e-1
0.150000 3.037901698790e-59 9.421772796931e-1
0.200000 1.026163072792e-55 9.238293618363e-1
0.250000 2.699513024589e-52 9.059200514735e-1
0.300000 5.530709549845e-49 8.884354983005e-1
0.350000 8.824754974595e-46 8.713624028611e-1
0.400000 1.096606559389e-42 8.546879917422e-1
0.450000 1.061268813915e-39 8.383999939447e-1
0.500000 7.998827757007e-37 8.224866183728e-1
0.550000 4.695195357975e-34 8.069365323885e-1
0.600000 2.146383735663e-31 7.917388413796e-1
0.650000 7.641655411587e-29 7.768830692924e-1
0.700000 2.118819253509e-26 7.623591400822e-1
0.750000 4.575375590521e-24 7.481573600384e-1
0.800000 7.694598626706e-22 7.342684009399e-1
0.850000 1.007793539430e-19 7.206832840041e-1
0.900000 1.027977357167e-17 7.073933645876e-1
0.950000 8.166235631670e-16 6.943903176057e-1
1.000000 5.052271083537e-14 6.816661236336e-1
1.050000 2.434320533029e-12 6.692130556580e-1
1.100000 9.134720408365e-11 6.570236664476e-1
1.150000 2.669556614763e-9 6.450907765124e-1
1.200000 6.075882849823e-8 6.334074626233e-1
1.250000 1.076976004254e-6 6.219670468664e-1
1.300000 1.486719514734e-5 6.107630862048e-1
1.350000 1.598374110691e-4 5.997893625242e-1
1.400000 1.338302257649e-3 5.890398731399e-1
1.450000 8.726826950458e-3 5.785088217416e-1
1.500000 4.431848411938e-2 5.681906097562e-1
1.550000 1.752830049357e-1 5.580798281081e-1
1.600000 5.399096651319e-1 5.481712493585e-1
1.650000 1.295175956659e+0 5.384598202045e-1
1.700000 2.419707245191e+0 5.289406543226e-1
1.750000 3.520653267643e+0 5.196090255381e-1
1.800000 3.989422804014e+0 5.104603613068e-1
1.850000 3.520653267643e+0 5.014902364926e-1
1.900000 2.419707245191e+0 4.926943674281e-1
1.950000 1.295175956659e+0 4.840686062436e-1
2.000000 5.399096651319e-1 4.756089354530e-1
2.050000 1.752830049357e-1 4.673114627835e-1
2.100000 4.431848411938e-2 4.591724162376e-1
2.150000 8.726826950458e-3 4.511881393769e-1
2.200000 1.338302257649e-3 4.433550868171e-1
2.250000 1.598374110691e-4 4.356698199231e-1
2.300000 1.486719514734e-5 4.281290026971e-1
2.350000 1.076976004254e-6 4.207293978478e-1
2.400000 6.075882849823e-8 4.134678630344e-1
2.450000 2.669556614763e-9 4.063413472760e-1
2.500000 9.134720408365e-11 3.993468875188e-1
2.550000 2.434320533029e-12 3.924816053540e-1
2.600000 5.052271083537e-14 3.857427038792e-1
2.650000 8.166235631669e-16 3.791274646965e-1
2.700000 1.027977357167e-17 3.726332450405e-1
2.750000 1.007793539430e-19 3.662574750310e-1
2.800000 7.694598626706e-22 3.599976550443e-1
2.850000 4.575375590521e-24 3.538513531965e-1
2.900000 2.118819253509e-26 3.478162029360e-1
2.950000 7.641655411587e-29 3.418899007367e-1
3.000000 2.146383735663e-31 3.360702038911e-1
3.050000 4.695195357975e-34 3.303549283951e-1
3.100000 7.998827757007e-37 3.247419469230e-1
3.150000 1.061268813915e-39 3.192291868867e-1
3.200000 1.096606559389e-42 3.138146285767e-1
3.250000 8.824754974595e-46 3.084963033792e-1
3.300000 5.530709549844e-49 3.032722920684e-1
3.350000 2.699513024589e-52 2.981407231678e-1
3.400000 1.026163072792e-55 2.930997713799e-1
3.450000 3.037901698790e-59 2.881476560790e-1
3.500000 7.004182134319e-63 2.832826398654e-1
3.550000 1.257672382878e-66 2.785030271786e-1
3.600000 1.758749542595e-70 2.738071629657e-1
3.650000 1.915432491672e-74 2.691934314026e-1
3.700000 1.624636036774e-78 2.646602546672e-1
3.750000 1.073177834068e-82 2.602060917598e-1
3.800000 5.520948362160e-87 2.558294373711e-1
3.850000 2.211984380211e-91 2.515288207935e-1
3.900000 6.902029420127e-96 2.473028048752e-1
3.950000 1.677250522854e-100 2.431499850145e-1
4.000000 3.174281552825e-105 2.390689881930e-1
4.050000 4.678636817250e-110 2.350584720453e-1
4.100000 5.370560365020e-115 2.311171239640e-1
4.150000 4.801160785907e-120 2.272436602394e-1
4.200000 3.342714441794e-125 2.234368252295e-1
4.250000 1.812502793552e-130 2.196953905630e-1
4.300000 7.653929736420e-136 2.160181543701e-1
4.350000 2.517193705193e-141 2.124039405425e-1
4.400000 6.447259971397e-147 2.088515980198e-1
4.450000 1.286056674071e-152 2.053600001022e-1
4.500000 1.997889259168e-158 2.019280437874e-1
4.550000 2.417180578620e-164 1.985546491317e-1
4.600000 2.277577478736e-170 1.952387586333e-1
4.650000 1.671335365130e-176 1.919793366371e-1
4.700000 9.551694541949e-183 1.887753687612e-1
4.750000 4.251318353528e-189 1.856258613422e-1
4.800000 1.473646134878e-195 1.825298409001e-1
4.850000 3.978223427282e-202 1.794863536213e-1
4.900000 8.363951605856e-209 1.764944648592e-1
4.950000 1.369494308080e-215 1.735532586516e-1
5.000000 1.746366256759e-222 1.706618372537e-1
5.050000 1.734350263606e-229 1.678193206873e-1
5.100000 1.341419667349e-236 1.650248463040e-1
5.150000 8.080140413872e-244 1.622775683631e-1
5.200000 3.790526400093e-251 1.595766576230e-1
5.250000 1.384862078338e-258 1.569213009453e-1
5.300000 3.940396277135e-266 1.543107009121e-1
5.350000 8.731717100620e-274 1.517440754545e-1
5.400000 1.506904717620e-281 1.492206574937e-1
5.450000 2.025341716212e-289 1.467396945920e-1
5.500000 2.120006551525e-297 1.443004486156e-1
5.550000 1.728233732284e-305 1.419021954066e-1
5.600000 1.097221052044e-313 1.395442244660e-1
5.650000 5.533535233422e-322 1.372258386449e-1
5.700000 0.000000000000e+0 1.349463538461e-1
5.750000 0.000000000000e+0 1.327050987333e-1
5.800000 0.000000000000e+0 1.305014144496e-1
5.850000 0.000000000000e+0 1.283346543437e-1
5.900000 0.000000000000e+0 1.262041837038e-1
5.950000 0.000000000000e+0 1.241093794995e-1
6.000000 0.000000000000e+0 1.220496301306e-1
6.050000 0.000000000000e+0 1.200243351829e-1
6.100000 0.000000000000e+0 1.180329051907e-1
6.150000 0.000000000000e+0 1.160747614060e-1
6.200000 0.000000000000e+0 1.141493355738e-1
6.250000 0.000000000000e+0 1.122560697133e-1
6.300000 0.000000000000e+0 1.103944159054e-1
6.350000 0.000000000000e+0 1.085638360850e-1
6.400000 0.000000000000e+0 1.067638018397e-1
6.450000 0.000000000000e+0 1.049937942130e-1
6.500000 0.000000000000e+0 1.032533035127e-1
6.550000 0.000000000000e+0 1.015418291245e-1
6.600000 0.000000000000e+0 9.985887932986e-2
6.650000 0.000000000000e+0 9.820397112891e-2
6.700000 0.000000000000e+0 9.657663006734e-2
6.750000 0.000000000000e+0 9.497639006776e-2
6.800000 0.000000000000e+0 9.340279326516e-2
6.850000 0.000000000000e+0 9.185538984639e-2
6.900000 0.000000000000e+0 9.033373789343e-2
6.950000 0.000000000000e+0 8.883740323046e-2
7.000000 0.000000000000e+0 8.736595927452e-2
7.050000 0.000000000000e+0 8.591898688973e-2
7.100000 0.000000000000e+0 8.449607424482e-2
7.150000 0.000000000000e+0 8.309681667405e-2
7.200000 0.000000000000e+0 8.172081654131e-2
7.250000 0.000000000000e+0 8.036768310722e-2
7.300000 0.000000000000e+0 7.903703239938e-2
7.350000 0.000000000000e+0 7.772848708547e-2
7.400000 0.000000000000e+0 7.644167634913e-2
7.450000 0.000000000000e+0 7.517623576869e-2
7.500000 0.000000000000e+0 7.393180719852e-2
7.550000 0.000000000000e+0 7.270803865294e-2
7.600000 0.000000000000e+0 7.150458419271e-2
7.650000 0.000000000000e+0 7.032110381394e-2
7.700000 0.000000000000e+0 6.915726333936e-2
7.750000 0.000000000000e+0 6.801273431195e-2
7.800000 0.000000000000e+0 6.688719389080e-2
7.850000 0.000000000000e+0 6.578032474911e-2
7.900000 0.000000000000e+0 6.469181497443e-2
7.950000 0.000000000000e+0 6.362135797085e-2
8.000000 0.000000000000e+0 6.256865236331e-2
8.050000 0.000000000000e+0 6.153340190382e-2
8.100000 0.000000000000e+0 6.051531537958e-2
8.150000 0.000000000000e+0 5.951410652305e-2
8.200000 0.000000000000e+0 5.852949392373e-2
8.250000 0.000000000000e+0 5.756120094177e-2
8.300000 0.000000000000e+0 5.660895562331e-2
8.350000 0.000000000000e+0 5.567249061750e-2
8.400000 0.000000000000e+0 5.475154309511e-2
8.450000 0.000000000000e+0 5.384585466884e-2
8.500000 0.000000000000e+0 5.295517131509e-2
8.550000 0.000000000000e+0 5.207924329731e-2
8.600000 0.000000000000e+0 5.121782509086e-2
8.650000 0.000000000000e+0 5.037067530925e-2
8.700000 0.000000000000e+0 4.953755663187e-2
8.750000 0.000000000000e+0 4.871823573305e-2
8.800000 0.000000000000e+0 4.791248321254e-2
8.850000 0.000000000000e+0 4.712007352722e-2
8.900000 0.000000000000e+0 4.634078492418e-2
8.950000 0.000000000000e+0 4.557439937504e-2
9.000000 0.000000000000e+0 4.482070251149e-2
9.050000 0.000000000000e+0 4.407948356203e-2
9.100000 0.000000000000e+0 4.335053528993e-2
9.150000 0.000000000000e+0 4.263365393230e-2
9.200000 0.000000000000e+0 4.192863914033e-2
9.250000 0.000000000000e+0 4.123529392057e-2
9.300000 0.000000000000e+0 4.055342457735e-2
9.350000 0.000000000000e+0 3.988284065626e-2
9.400000 0.000000000000e+0 3.922335488859e-2
9.450000 0.000000000000e+0 3.857478313686e-2
9.500000 0.000000000000e+0 3.793694434134e-2
9.550000 0.000000000000e+0 3.730966046744e-2
9.600000 0.000000000000e+0 3.669275645418e-2
9.650000 0.000000000000e+0 3.608606016352e-2
9.700000 0.000000000000e+0 3.548940233061e-2
9.750000 0.000000000000e+0 3.490261651492e-2
9.800000 0.000000000000e+0 3.432553905228e-2
9.850000 0.000000000000e+0 3.375800900775e-2
9.900000 0.000000000000e+0 3.319986812932e-2
9.950000 0.000000000000e+0 3.265096080247e-2
10.000000 0.000000000000e+0 3.211113400550e-2
10.050000 0.000000000000e+0 3.158023726567e-2
10.100000 0.000000000000e+0 3.105812261608e-2
10.150000 0.000000000000e+0 3.054464455338e-2
10.200000 0.000000000000e+0 3.003965999616e-2
10.250000 0.000000000000e+0 2.954302824408e-2
10.300000 0.000000000000e+0 2.905461093774e-2
10.350000 0.000000000000e+0 2.857427201924e-2
10.400000 0.000000000000e+0 2.810187769341e-2
10.450000 0.000000000000e+0 2.763729638975e-2
10.500000 0.000000000000e+0 2.718039872502e-2
10.550000 0.000000000000e+0 2.673105746645e-2
10.600000 0.000000000000e+0 2.628914749562e-2
10.650000 0.000000000000e+0 2.585454577298e-2
10.700000 0.000000000000e+0 2.542713130292e-2
10.750000 0.000000000000e+0 2.500678509954e-2
10.800000 0.000000000000e+0 2.459339015290e-2
10.850000 0.000000000000e+0 2.418683139594e-2
10.900000 0.000000000000e+0 2.378699567191e-2
10.950000 0.000000000000e+0 2.339377170241e-2
11.000000 0.000000000000e+0 2.300705005594e-2
11.050000 0.000000000000e+0 2.262672311699e-2
11.100000 0.000000000000e+0 2.225268505569e-2
11.150000 0.000000000000e+0 2.188483179795e-2
11.200000 0.000000000000e+0 2.152306099613e-2
11.250000 0.000000000000e+0 2.116727200017e-2
11.300000 0.000000000000e+0 2.081736582928e-2
11.350000 0.000000000000e+0 2.047324514404e-2
11.400000 0.000000000000e+0 2.013481421903e-2
11.450000 0.000000000000e+0 1.980197891591e-2
11.500000 0.000000000000e+0 1.947464665690e-2
11.550000 0.000000000000e+0 1.915272639885e-2
11.600000 0.000000000000e+0 1.883612860757e-2
11.650000 0.000000000000e+0 1.852476523273e-2
11.700000 0.000000000000e+0 1.821854968314e-2
11.750000 0.000000000000e+0 1.791739680244e-2
11.800000 0.000000000000e+0 1.762122284521e-2
11.850000 0.000000000000e+0 1.732994545348e-2
11.900000 0.000000000000e+0 1.704348363363e-2
11.950000 0.000000000000e+0 1.676175773371e-2
12.000000 0.000000000000e+0 1.648468942110e-2
12.050000 0.000000000000e+0 1.621220166058e-2
12.100000 0.000000000000e+0 1.594421869274e-2
12.150000 0.000000000000e+0 1.568066601280e-2
12.200000 0.000000000000e+0 1.542147034972e-2
12.250000 0.000000000000e+0 1.516655964569e-2
12.300000 0.000000000000e+0 1.491586303603e-2
12.350000 0.000000000000e+0 1.466931082930e-2
12.400000 0.000000000000e+0 1.442683448785e-2
12.450000 0.000000000000e+0 1.418836660865e-2
12.500000 0.000000000000e+0 1.395384090443e-2
12.550000 0.000000000000e+0 1.372319218518e-2
12.600000 0.000000000000e+0 1.349635633995e-2
12.650000 0.000000000000e+0 1.327327031889e-2
12.700000 0.000000000000e+0 1.305387211566e-2
12.750000 0.000000000000e+0 1.283810075014e-2
12.800000 0.000000000000e+0 1.262589625138e-2
12.850000 0.000000000000e+0 1.241719964085e-2
12.900000 0.000000000000e+0 1.221195291601e-2
12.950000 0.000000000000e+0 1.201009903409e-2
13.000000 0.000000000000e+0 1.181158189619e-2
13.050000 0.000000000000e+0 1.161634633162e-2
13.100000 0.000000000000e+0 1.142433808252e-2
13.150000 0.000000000000e+0 1.123550378872e-2
13.200000 0.000000000000e+0 1.104979097288e-2
13.250000 0.000000000000e+0 1.086714802581e-2
13.300000 0.000000000000e+0 1.068752419213e-2
13.350000 0.000000000000e+0 1.051086955608e-2
13.400000 0.000000000000e+0 1.033713502765e-2
13.450000 0.000000000000e+0 1.016627232886e-2
13.500000 0.000000000000e+0 9.998233980327e-3
13.550000 0.000000000000e+0 9.832973288030e-3
13.600000 0.000000000000e+0 9.670444330296e-3
13.650000 0.000000000000e+0 9.510601945009e-3
13.700000 0.000000000000e+0 9.353401717032e-3
13.750000 0.000000000000e+0 9.198799965833e-3
13.800000 0.000000000000e+0 9.046753733317e-3
13.850000 0.000000000000e+0 8.897220771870e-3
13.900000 0.000000000000e+0 8.750159532585e-3
13.950000 0.000000000000e+0 8.605529153700e-3
14.000000 0.000000000000e+0 8.463289449218e-3
14.050000 0.000000000000e+0 8.323400897718e-3
14.100000 0.000000000000e+0 8.185824631356e-3
14.150000 0.000000000000e+0 8.050522425044e-3
14.200000 0.000000000000e+0 7.917456685808e-3
14.250000 0.000000000000e+0 7.786590442330e-3
14.300000 0.000000000000e+0 7.657887334654e-3
14.350000 0.000000000000e+0 7.531311604068e-3
14.400000 0.000000000000e+0 7.406828083155e-3
14.450000 0.000000000000e+0 7.284402186008e-3
14.500000 0.000000000000e+0 7.163999898602e-3
14.550000 0.000000000000e+0 7.045587769337e-3
14.600000 0.000000000000e+0 6.929132899725e-3
14.650000 0.000000000000e+0 6.814602935242e-3
14.700000 0.000000000000e+0 6.701966056326e-3
14.750000 0.000000000000e+0 6.591190969524e-3
14.800000 0.000000000000e+0 6.482246898791e-3
14.850000 0.000000000000e+0 6.375103576926e-3
14.900000 0.000000000000e+0 6.269731237156e-3
14.950000 0.000000000000e+0 6.166100604856e-3
15.000000 0.000000000000e+0 6.064182889409e-3
15.050000 0.000000000000e+0 5.963949776196e-3
15.100000 0.000000000000e+0 5.865373418725e-3
15.150000 0.000000000000e+0 5.768426430887e-3
15.200000 0.000000000000e+0 5.673081879339e-3
15.250000 0.000000000000e+0 5.579313276016e-3
15.300000 0.000000000000e+0 5.487094570765e-3
15.350000 0.000000000000e+0 5.396400144105e-3
15.400000 0.000000000000e+0 5.307204800098e-3
15.450000 0.000000000000e+0 5.219483759351e-3
15.500000 0.000000000000e+0 5.133212652120e-3
15.550000 0.000000000000e+0 5.048367511540e-3
15.600000 0.000000000000e+0 4.964924766960e-3
15.650000 0.000000000000e+0 4.882861237389e-3
15.700000 0.000000000000e+0 4.802154125055e-3
15.750000 0.000000000000e+0 4.722781009066e-3
15.800000 0.000000000000e+0 4.644719839176e-3
15.850000 0.000000000000e+0 4.567948929659e-3
15.900000 0.000000000000e+0 4.492446953279e-3
15.950000 0.000000000000e+0 4.418192935362e-3
16.000000 0.000000000000e+0 4.345166247966e-3
16.050000 0.000000000000e+0 4.273346604147e-3
16.100000 0.000000000000e+0 4.202714052324e-3
16.150000 0.000000000000e+0 4.133248970728e-3
16.200000 0.000000000000e+0 4.064932061952e-3
16.250000 0.000000000000e+0 3.997744347589e-3
16.300000 0.000000000000e+0 3.931667162953e-3
16.350000 0.000000000000e+0 3.866682151897e-3
16.400000 0.000000000000e+0 3.802771261706e-3
16.450000 0.000000000000e+0 3.739916738084e-3
16.500000 0.000000000000e+0 3.678101120221e-3
16.550000 0.000000000000e+0 3.617307235935e-3
16.600000 0.000000000000e+0 3.557518196907e-3
16.650000 0.000000000000e+0 3.498717393980e-3
16.700000 0.000000000000e+0 3.440888492551e-3
16.750000 0.000000000000e+0 3.384015428028e-3
16.800000 0.000000000000e+0 3.328082401366e-3
16.850000 0.000000000000e+0 3.273073874677e-3
16.900000 0.000000000000e+0 3.218974566912e-3
16.950000 0.000000000000e+0 3.165769449618e-3
17.000000 0.000000000000e+0 3.113443742756e-3
17.050000 0.000000000000e+0 3.061982910600e-3
17.100000 0.000000000000e+0 3.011372657695e-3
17.150000 0.000000000000e+0 2.961598924884e-3
17.200000 0.000000000000e+0 2.912647885405e-3
17.250000 0.000000000000e+0 2.864505941045e-3
17.300000 0.000000000000e+0 2.817159718366e-3
17.350000 0.000000000000e+0 2.770596064985e-3
17.400000 0.000000000000e+0 2.724802045921e-3
17.450000 0.000000000000e+0 2.679764940004e-3
17.500000 0.000000000000e+0 2.635472236336e-3
17.550000 0.000000000000e+0 2.591911630816e-3
17.600000 0.000000000000e+0 2.549071022724e-3
17.650000 0.000000000000e+0 2.506938511358e-3
17.700000 0.000000000000e+0 2.465502392724e-3
17.750000 0.000000000000e+0 2.424751156289e-3
17.800000 0.000000000000e+0 2.384673481779e-3
17.850000 0.000000000000e+0 2.345258236039e-3
17.900000 0.000000000000e+0 2.306494469933e-3
17.950000 0.000000000000e+0 2.268371415308e-3
18.000000 0.000000000000e+0 2.230878481998e-3
18.050000 0.000000000000e+0 2.194005254885e-3
18.100000 0.000000000000e+0 2.157741491004e-3
18.150000 0.000000000000e+0 2.122077116698e-3
18.200000 0.000000000000e+0 2.087002224816e-3
18.250000 0.000000000000e+0 2.052507071965e-3
18.300000 0.000000000000e+0 2.018582075802e-3
18.350000 0.000000000000e+0 1.985217812370e-3
18.400000 0.000000000000e+0 1.952405013480e-3
18.450000 0.000000000000e+0 1.920134564140e-3
18.500000 0.000000000000e+0 1.888397500018e-3
18.550000 0.000000000000e+0 1.857185004952e-3
18.600000 0.000000000000e+0 1.826488408505e-3
18.650000 0.000000000000e+0 1.796299183552e-3
18.700000 0.000000000000e+0 1.766608943911e-3
18.750000 0.000000000000e+0 1.737409442018e-3
18.800000 0.000000000000e+0 1.708692566630e-3
18.850000 0.000000000000e+0 1.680450340573e-3
18.900000 0.000000000000e+0 1.652674918531e-3
18.950000 0.000000000000e+0 1.625358584858e-3
19.000000 0.000000000000e+0 1.598493751441e-3
19.050000 0.000000000000e+0 1.572072955589e-3
19.100000 0.000000000000e+0 1.546088857964e-3
19.150000 0.000000000000e+0 1.520534240533e-3
19.200000 0.000000000000e+0 1.495402004575e-3
19.250000 0.000000000000e+0 1.470685168697e-3
19.300000 0.000000000000e+0 1.446376866903e-3
19.350000 0.000000000000e+0 1.422470346685e-3
19.400000 0.000000000000e+0 1.398958967143e-3
19.450000 0.000000000000e+0 1.375836197143e-3
19.500000 0.000000000000e+0 1.353095613507e-3
19.550000 0.000000000000e+0 1.330730899218e-3
19.600000 0.000000000000e+0 1.308735841677e-3
19.650000 0.000000000000e+0 1.287104330969e-3
19.700000 0.000000000000e+0 1.265830358167e-3
19.750000 0.000000000000e+0 1.244908013668e-3
19.800000 0.000000000000e+0 1.224331485543e-3
19.850000 0.000000000000e+0 1.204095057930e-3
19.900000 0.000000000000e+0 1.184193109440e-3
19.950000 0.000000000000e+0 1.164620111602e-3
20.000000 0.000000000000e+0 1.145370627321e-3
20.050000 0.000000000000e+0 1.126439309371e-3
20.100000 0.000000000000e+0 1.107820898907e-3
20.150000 0.000000000000e+0 1.089510224009e-3
20.200000 0.000000000000e+0 1.071502198240e-3
20.250000 0.000000000000e+0 1.053791819235e-3
20.300000 0.000000000000e+0 1.036374167313e-3
20.350000 0.000000000000e+0 1.019244404107e-3
20.400000 0.000000000000e+0 1.002397771224e-3
20.450000 0.000000000000e+0 9.858295889181e-4
20.500000 0.000000000000e+0 9.695352547963e-4
20.550000 0.000000000000e+0 9.535102425351e-4
20.600000 0.000000000000e+0 9.377501006256e-4
20.650000 0.000000000000e+0 9.222504511365e-4
20.700000 0.000000000000e+0 9.070069884975e-4
20.750000 0.000000000000e+0 8.920154783039e-4
20.800000 0.000000000000e+0 8.772717561398e-4
20.850000 0.000000000000e+0 8.627717264214e-4
20.900000 0.000000000000e+0 8.485113612594e-4
20.950000 0.000000000000e+0 8.344866993401e-4
21.000000 0.000000000000e+0 8.206938448247e-4
21.050000 0.000000000000e+0 8.071289662674e-4
21.100000 0.000000000000e+0 7.937882955510e-4
21.150000 0.000000000000e+0 7.806681268400e-4
21.200000 0.000000000000e+0 7.677648155513e-4
21.250000 0.000000000000e+0 7.550747773417e-4
21.300000 0.000000000000e+0 7.425944871123e-4
21.350000 0.000000000000e+0 7.303204780291e-4
21.400000 0.000000000000e+0 7.182493405602e-4
21.450000 0.000000000000e+0 7.063777215284e-4
21.500000 0.000000000000e+0 6.947023231799e-4
21.550000 0.000000000000e+0 6.832199022681e-4
21.600000 0.000000000000e+0 6.719272691530e-4
21.650000 0.000000000000e+0 6.608212869146e-4
21.700000 0.000000000000e+0 6.498988704818e-4
21.750000 0.000000000000e+0 6.391569857758e-4
21.800000 0.000000000000e+0 6.285926488663e-4
21.850000 0.000000000000e+0 6.182029251436e-4
21.900000 0.000000000000e+0 6.079849285028e-4
21.950000 0.000000000000e+0 5.979358205424e-4
22.000000 0.000000000000e+0 5.880528097753e-4
22.050000 0.000000000000e+0 5.783331508542e-4
22.100000 0.000000000000e+0 5.687741438083e-4
22.150000 0.000000000000e+0 5.593731332935e-4
22.200000 0.000000000000e+0 5.501275078548e-4
22.250000 0.000000000000e+0 5.410346992009e-4
22.300000 0.000000000000e+0 5.320921814906e-4
22.350000 0.000000000000e+0 5.232974706314e-4
22.400000 0.000000000000e+0 5.146481235893e-4
22.450000 0.000000000000e+0 5.061417377100e-4
22.500000 0.000000000000e+0 4.977759500520e-4
22.550000 0.000000000000e+0 4.895484367296e-4
22.600000 0.000000000000e+0 4.814569122677e-4
22.650000 0.000000000000e+0 4.734991289668e-4
22.700000 0.000000000000e+0 4.656728762787e-4
22.750000 0.000000000000e+0 4.579759801925e-4
22.800000 0.000000000000e+0 4.504063026304e-4
22.850000 0.000000000000e+0 4.429617408543e-4
22.900000 0.000000000000e+0 4.356402268809e-4
22.950000 0.000000000000e+0 4.284397269081e-4
23.000000 0.000000000000e+0 4.213582407494e-4
23.050000 0.000000000000e+0 4.143938012786e-4
23.100000 0.000000000000e+0 4.075444738834e-4
23.150000 0.000000000000e+0 4.008083559277e-4
23.200000 0.000000000000e+0 3.941835762233e-4
23.250000 0.000000000000e+0 3.876682945101e-4
23.300000 0.000000000000e+0 3.812607009447e-4
23.350000 0.000000000000e+0 3.749590155980e-4
23.400000 0.000000000000e+0 3.687614879606e-4
23.450000 0.000000000000e+0 3.626663964562e-4
23.500000 0.000000000000e+0 3.566720479641e-4
23.550000 0.000000000000e+0 3.507767773481e-4
23.600000 0.000000000000e+0 3.449789469945e-4
23.650000 0.000000000000e+0 3.392769463569e-4
23.700000 0.000000000000e+0 3.336691915091e-4
23.750000 0.000000000000e+0 3.281541247046e-4
23.800000 0.000000000000e+0 3.227302139445e-4
23.850000 0.000000000000e+0 3.173959525515e-4
23.900000 0.000000000000e+0 3.121498587515e-4
23.950000 0.000000000000e+0 3.069904752620e-4
24.000000 0.000000000000e+0 3.019163688874e-4
24.050000 0.000000000000e+0 2.969261301205e-4
24.100000 0.000000000000e+0 2.920183727515e-4
24.150000 0.000000000000e+0 2.871917334824e-4
24.200000 0.000000000000e+0 2.824448715487e-4
24.250000 0.000000000000e+0 2.777764683468e-4
24.300000 0.000000000000e+0 2.731852270677e-4
24.350000 0.000000000000e+0 2.686698723367e-4
24.400000 0.000000000000e+0 2.642291498592e-4
24.450000 0.000000000000e+0 2.598618260725e-4
24.500000 0.000000000000e+0 2.555666878027e-4
24.550000 0.000000000000e+0 2.513425419278e-4
24.600000 0.000000000000e+0 2.471882150468e-4
24.650000 0.000000000000e+0 2.431025531528e-4
24.700000 0.000000000000e+0 2.390844213134e-4
24.750000 0.000000000000e+0 2.351327033547e-4
24.800000 0.000000000000e+0 2.312463015518e-4
24.850000 0.000000000000e+0 2.274241363233e-4
24.900000 0.000000000000e+0 2.236651459320e-4
24.950000 0.000000000000e+0 2.199682861895e-4
25.000000 0.000000000000e+0 2.163325301664e-4
25.050000 0.000000000000e+0 2.127568679068e-4
25.100000 0.000000000000e+0 2.092403061483e-4
25.150000 0.000000000000e+0 2.057818680452e-4
25.200000 0.000000000000e+0 2.023805928980e-4
25.250000 0.000000000000e+0 1.990355358860e-4
25.300000 0.000000000000e+0 1.957457678051e-4
25.350000 0.000000000000e+0 1.925103748096e-4
25.400000 0.000000000000e+0 1.893284581582e-4
25.450000 0.000000000000e+0 1.861991339646e-4
25.500000 0.000000000000e+0 1.831215329519e-4
25.550000 0.000000000000e+0 1.800948002111e-4
25.600000 0.000000000000e+0 1.771180949635e-4